0	0	1.5
2	0	1.5
4	0	1.5
6	0	1.5
8	0	1.5
10	0	1.5
12	0	1.5
14	0	1.5
16	0	1.5
18	0	1.5
20	0	1.5
22	0	1.5
24	0	1.5
26	0	1.5
28	0	1.5
30	0	1.5
32	0	1.5
34	0	1.5
36	0	1.5
38	0	1.5
40	0	1.5
42	0	1.5
44	0	1.5
46	0	1.5
48	0	1.5
50	0	1.5
52	0	1.5
54	0	1.5
56	0	1.5
58	0	1.5
60	0	1.5
62	0	1.5
64	0	1.5
66	0	1.5
68	0	1.5
70	0	1.5
72	0	1.5
74	0	1.5
76	0	1.5
78	0	1.5
80	0	1.5
82	0	1.5
84	0	1.5
86	0	1.5
88	0	1.5
90	0	1.5
92	0	1.5
94	0	1.5
96	0	1.5
98	0	1.5
100	0	1.5
102	0	1.5
104	0	1.5
106	0	1.5
108	0	1.5
110	0	1.5
112	0	1.5
114	0	1.5
116	0	1.5
118	0	1.5
120	0	1.5
122	0	1.5
124	0	1.5
126	0	1.5
128	0	1.5
130	0	1.5
132	0	1.5
134	0	1.5
136	0	1.5
138	0	1.5
140	0	1.5
142	0	1.5
144	0	1.5
146	0	1.5
148	0	1.5
150	0	1.5
152	0	1.5
154	0	1.5
156	0	1.5
0	1	1.5
2	1	1.5
4	1	1.5
6	1	1.5
8	1	1.5
10	1	1.5
12	1	1.5
14	1	1.5
16	1	1.5
18	1	1.5
20	1	1.5
22	1	1.5
24	1	1.5
26	1	1.5
28	1	1.5
30	1	1.5
32	1	1.5
34	1	1.5
36	1	1.5
38	1	1.5
40	1	1.5
42	1	1.5
44	1	1.5
46	1	1.5
48	1	1.5
50	1	1.5
52	1	1.5
54	1	1.5
56	1	1.5
58	1	1.5
60	1	1.5
62	1	1.5
64	1	1.5
66	1	1.5
68	1	1.5
70	1	1.5
72	1	1.5
74	1	1.5
76	1	1.5
78	1	1.5
80	1	1.5
82	1	1.5
84	1	1.5
86	1	1.5
88	1	1.5
90	1	1.5
92	1	1.5
94	1	1.5
96	1	1.5
98	1	1.5
100	1	1.5
102	1	1.5
104	1	1.5
106	1	1.5
108	1	1.5
110	1	1.5
112	1	1.5
114	1	1.5
116	1	1.5
118	1	1.5
120	1	1.5
122	1	1.5
124	1	1.5
126	1	1.5
128	1	1.5
130	1	1.5
132	1	1.5
134	1	1.5
136	1	1.5
138	1	1.5
140	1	1.5
142	1	1.5
144	1	1.5
146	1	1.5
148	1	1.5
150	1	1.5
152	1	1.5
154	1	1.5
156	1	1.5
0	2	1.5
2	2	1.5
4	2	1.5
6	2	1.5
8	2	1.5
10	2	1.5
12	2	1.5
14	2	1.5
16	2	1.5
18	2	1.5
20	2	1.5
22	2	1.5
24	2	1.5
26	2	1.5
28	2	1.5
30	2	1.5
32	2	1.5
34	2	1.5
36	2	1.5
38	2	1.5
40	2	1.5
42	2	1.5
44	2	1.5
46	2	1.5
48	2	1.5
50	2	1.5
52	2	1.5
54	2	1.5
56	2	1.5
58	2	1.5
60	2	1.5
62	2	1.5
64	2	1.5
66	2	1.5
68	2	1.5
70	2	1.5
72	2	1.5
74	2	1.5
76	2	1.5
78	2	1.5
80	2	1.5
82	2	1.5
84	2	1.5
86	2	1.5
88	2	1.5
90	2	1.5
92	2	1.5
94	2	1.5
96	2	1.5
98	2	1.5
100	2	1.5
102	2	1.5
104	2	1.5
106	2	1.5
108	2	1.5
110	2	1.5
112	2	1.5
114	2	1.5
116	2	1.5
118	2	1.5
120	2	1.5
122	2	1.5
124	2	1.5
126	2	1.5
128	2	1.5
130	2	1.5
132	2	1.5
134	2	1.5
136	2	1.5
138	2	1.5
140	2	1.5
142	2	1.5
144	2	1.5
146	2	1.5
148	2	1.5
150	2	1.5
152	2	1.5
154	2	1.5
156	2	1.5
0	3	1.5
2	3	1.5
4	3	1.5
6	3	1.5
8	3	1.5
10	3	1.5
12	3	1.5
14	3	1.5
16	3	1.5
18	3	1.5
20	3	1.5
22	3	1.5
24	3	1.5
26	3	1.5
28	3	1.5
30	3	1.5
32	3	1.5
34	3	1.5
36	3	1.5
38	3	1.5
40	3	1.5
42	3	1.5
44	3	1.5
46	3	1.5
48	3	1.5
50	3	1.5
52	3	1.5
54	3	1.5
56	3	1.5
58	3	1.5
60	3	1.5
62	3	1.5
64	3	1.5
66	3	1.5
68	3	1.5
70	3	1.5
72	3	1.5
74	3	1.5
76	3	1.5
78	3	1.5
80	3	1.5
82	3	1.5
84	3	1.5
86	3	1.5
88	3	1.5
90	3	1.5
92	3	1.5
94	3	1.5
96	3	1.5
98	3	1.5
100	3	1.5
102	3	1.5
104	3	1.5
106	3	1.5
108	3	1.5
110	3	1.5
112	3	1.5
114	3	1.5
116	3	1.5
118	3	1.5
120	3	1.5
122	3	1.5
124	3	1.5
126	3	1.5
128	3	1.5
130	3	1.5
132	3	1.5
134	3	1.5
136	3	1.5
138	3	1.5
140	3	1.5
142	3	1.5
144	3	1.5
146	3	1.5
148	3	1.5
150	3	1.5
152	3	1.5
154	3	1.5
156	3	1.5
0	4	1.5
2	4	1.5
4	4	1.5
6	4	1.5
8	4	1.5
10	4	1.5
12	4	1.5
14	4	1.5
16	4	1.5
18	4	1.5
20	4	1.5
22	4	1.5
24	4	1.5
26	4	1.5
28	4	1.5
30	4	1.5
32	4	1.5
34	4	1.5
36	4	1.5
38	4	1.5
40	4	1.5
42	4	1.5
44	4	1.5
46	4	1.5
48	4	1.5
50	4	1.5
52	4	1.5
54	4	1.5
56	4	1.5
58	4	1.5
60	4	1.5
62	4	1.5
64	4	1.5
66	4	1.5
68	4	1.5
70	4	1.5
72	4	1.5
74	4	1.5
76	4	1.5
78	4	1.5
80	4	1.5
82	4	1.5
84	4	1.5
86	4	1.5
88	4	1.5
90	4	1.5
92	4	1.5
94	4	1.5
96	4	1.5
98	4	1.5
100	4	1.5
102	4	1.5
104	4	1.5
106	4	1.5
108	4	1.5
110	4	1.5
112	4	1.5
114	4	1.5
116	4	1.5
118	4	1.5
120	4	1.5
122	4	1.5
124	4	1.5
126	4	1.5
128	4	1.5
130	4	1.5
132	4	1.5
134	4	1.5
136	4	1.5
138	4	1.5
140	4	1.5
142	4	1.5
144	4	1.5
146	4	1.5
148	4	1.5
150	4	1.5
152	4	1.5
154	4	1.5
156	4	1.5
0	5	1.5
2	5	1.5
4	5	1.5
6	5	1.5
8	5	1.5
10	5	1.5
12	5	1.5
14	5	1.5
16	5	1.5
18	5	1.5
20	5	1.5
22	5	1.5
24	5	1.5
26	5	1.5
28	5	1.5
30	5	1.5
32	5	1.5
34	5	1.5
36	5	1.5
38	5	1.5
40	5	1.5
42	5	1.5
44	5	1.5
46	5	1.5
48	5	1.5
50	5	1.5
52	5	1.5
54	5	1.5
56	5	1.5
58	5	1.5
60	5	1.5
62	5	1.5
64	5	1.5
66	5	1.5
68	5	1.5
70	5	1.5
72	5	1.5
74	5	1.5
76	5	1.5
78	5	1.5
80	5	1.5
82	5	1.5
84	5	1.5
86	5	1.5
88	5	1.5
90	5	1.5
92	5	1.5
94	5	1.5
96	5	1.5
98	5	1.5
100	5	1.5
102	5	1.5
104	5	1.5
106	5	1.5
108	5	1.5
110	5	1.5
112	5	1.5
114	5	1.5
116	5	1.5
118	5	1.5
120	5	1.5
122	5	1.5
124	5	1.5
126	5	1.5
128	5	1.5
130	5	1.5
132	5	1.5
134	5	1.5
136	5	1.5
138	5	1.5
140	5	1.5
142	5	1.5
144	5	1.5
146	5	1.5
148	5	1.5
150	5	1.5
152	5	1.5
154	5	1.5
156	5	1.5
0	6	1.5
2	6	1.5
4	6	1.5
6	6	1.5
8	6	1.5
10	6	1.5
12	6	1.5
14	6	1.5
16	6	1.5
18	6	1.5
20	6	1.5
22	6	1.5
24	6	1.5
26	6	1.5
28	6	1.5
30	6	1.5
32	6	1.5
34	6	1.5
36	6	1.5
38	6	1.5
40	6	1.5
42	6	1.5
44	6	1.5
46	6	1.5
48	6	1.5
50	6	1.5
52	6	1.5
54	6	1.5
56	6	1.5
58	6	1.5
60	6	1.5
62	6	1.5
64	6	1.5
66	6	1.5
68	6	1.5
70	6	1.5
72	6	1.5
74	6	1.5
76	6	1.5
78	6	1.5
80	6	1.5
82	6	1.5
84	6	1.5
86	6	1.5
88	6	1.5
90	6	1.5
92	6	1.5
94	6	1.5
96	6	1.5
98	6	1.5
100	6	1.5
102	6	1.5
104	6	1.5
106	6	1.5
108	6	1.5
110	6	1.5
112	6	1.5
114	6	1.5
116	6	1.5
118	6	1.5
120	6	1.5
122	6	1.5
124	6	1.5
126	6	1.5
128	6	1.5
130	6	1.5
132	6	1.5
134	6	1.5
136	6	1.5
138	6	1.5
140	6	1.5
142	6	1.5
144	6	1.5
146	6	1.5
148	6	1.5
150	6	1.5
152	6	1.5
154	6	#9DE2E8
156	6	#9DE2E8
0	7	1.5
2	7	1.5
4	7	1.5
6	7	1.5
8	7	1.5
10	7	1.5
12	7	1.5
14	7	1.5
16	7	1.5
18	7	1.5
20	7	1.5
22	7	1.5
24	7	1.5
26	7	1.5
28	7	1.5
30	7	1.5
32	7	1.5
34	7	1.5
36	7	1.5
38	7	1.5
40	7	1.5
42	7	1.5
44	7	1.5
46	7	1.5
48	7	1.5
50	7	1.5
52	7	1.5
54	7	1.5
56	7	1.5
58	7	1.5
60	7	1.5
62	7	1.5
64	7	1.5
66	7	1.5
68	7	1.5
70	7	1.5
72	7	1.5
74	7	1.5
76	7	1.5
78	7	1.5
80	7	1.5
82	7	1.5
84	7	1.5
86	7	1.5
88	7	1.5
90	7	1.5
92	7	1.5
94	7	1.5
96	7	1.5
98	7	1.5
100	7	1.5
102	7	1.5
104	7	1.5
106	7	1.5
108	7	1.5
110	7	1.5
112	7	1.5
114	7	1.5
116	7	1.5
118	7	1.5
120	7	1.5
122	7	1.5
124	7	1.5
126	7	1.5
128	7	1.5
130	7	1.5
132	7	1.5
134	7	1.5
136	7	1.5
138	7	1.5
140	7	1.5
142	7	1.5
144	7	1.5
146	7	1.5
148	7	1.5
150	7	#9DE2E8
152	7	#9DE2E9
154	7	#96D4DA
156	7	#8BB9B3
0	8	1.5
2	8	1.5
4	8	1.5
6	8	1.5
8	8	1.5
10	8	1.5
12	8	1.5
14	8	1.5
16	8	1.5
18	8	1.5
20	8	1.5
22	8	1.5
24	8	1.5
26	8	1.5
28	8	1.5
30	8	1.5
32	8	1.5
34	8	1.5
36	8	1.5
38	8	1.5
40	8	1.5
42	8	1.5
44	8	1.5
46	8	1.5
48	8	1.5
50	8	1.5
52	8	1.5
54	8	1.5
56	8	1.5
58	8	1.5
60	8	1.5
62	8	1.5
64	8	1.5
66	8	1.5
68	8	1.5
70	8	1.5
72	8	1.5
74	8	1.5
76	8	1.5
78	8	1.5
80	8	1.5
82	8	1.5
84	8	1.5
86	8	1.5
88	8	1.5
90	8	1.5
92	8	1.5
94	8	1.5
96	8	1.5
98	8	1.5
100	8	1.5
102	8	1.5
104	8	1.5
106	8	1.5
108	8	1.5
110	8	1.5
112	8	1.5
114	8	1.5
116	8	1.5
118	8	1.5
120	8	1.5
122	8	1.5
124	8	1.5
126	8	1.5
128	8	1.5
130	8	1.5
132	8	1.5
134	8	1.5
136	8	1.5
138	8	1.5
140	8	1.5
142	8	1.5
144	8	1.5
146	8	#9DE2E8
148	8	#9DE2E9
150	8	#96D5DA
152	8	#8BB9B4
154	8	#8FB096
156	8	#9EBF95
0	9	1.5
2	9	1.5
4	9	1.5
6	9	1.5
8	9	1.5
10	9	1.5
12	9	1.5
14	9	1.5
16	9	1.5
18	9	1.5
20	9	1.5
22	9	1.5
24	9	1.5
26	9	1.5
28	9	1.5
30	9	1.5
32	9	1.5
34	9	1.5
36	9	1.5
38	9	1.5
40	9	1.5
42	9	1.5
44	9	1.5
46	9	1.5
48	9	1.5
50	9	1.5
52	9	1.5
54	9	1.5
56	9	1.5
58	9	1.5
60	9	1.5
62	9	1.5
64	9	1.5
66	9	1.5
68	9	1.5
70	9	1.5
72	9	1.5
74	9	1.5
76	9	1.5
78	9	1.5
80	9	1.5
82	9	1.5
84	9	1.5
86	9	1.5
88	9	1.5
90	9	1.5
92	9	1.5
94	9	1.5
96	9	1.5
98	9	1.5
100	9	1.5
102	9	1.5
104	9	1.5
106	9	1.5
108	9	1.5
110	9	1.5
112	9	1.5
114	9	1.5
116	9	1.5
118	9	1.5
120	9	1.5
122	9	1.5
124	9	1.5
126	9	1.5
128	9	1.5
130	9	1.5
132	9	1.5
134	9	1.5
136	9	1.5
138	9	1.5
140	9	1.5
142	9	#9DE2E8
144	9	#9DE2E9
146	9	#96D5DB
148	9	#8BBAB5
150	9	#8EB096
152	9	#9EBF95
154	9	#A5C99B
156	9	#A4C99B
0	10	1.5
2	10	1.5
4	10	1.5
6	10	1.5
8	10	1.5
10	10	1.5
12	10	1.5
14	10	1.5
16	10	1.5
18	10	1.5
20	10	1.5
22	10	1.5
24	10	1.5
26	10	1.5
28	10	1.5
30	10	1.5
32	10	1.5
34	10	1.5
36	10	1.5
38	10	1.5
40	10	1.5
42	10	1.5
44	10	1.5
46	10	1.5
48	10	1.5
50	10	1.5
52	10	1.5
54	10	1.5
56	10	1.5
58	10	1.5
60	10	1.5
62	10	1.5
64	10	1.5
66	10	1.5
68	10	1.5
70	10	1.5
72	10	1.5
74	10	1.5
76	10	1.5
78	10	1.5
80	10	1.5
82	10	1.5
84	10	1.5
86	10	1.5
88	10	1.5
90	10	1.5
92	10	1.5
94	10	1.5
96	10	1.5
98	10	1.5
100	10	1.5
102	10	1.5
104	10	1.5
106	10	1.5
108	10	1.5
110	10	1.5
112	10	1.5
114	10	1.5
116	10	1.5
118	10	1.5
120	10	1.5
122	10	1.5
124	10	1.5
126	10	1.5
128	10	1.5
130	10	1.5
132	10	1.5
134	10	1.5
136	10	1.5
138	10	#9DE2E8
140	10	#9DE2E8
142	10	#96D4D9
144	10	#8AB9B4
146	10	#8EB096
148	10	#9DBE94
150	10	#A5C89B
152	10	2
154	10	2
156	10	2
0	11	1.5
2	11	1.5
4	11	1.5
6	11	1.5
8	11	1.5
10	11	1.5
12	11	1.5
14	11	1.5
16	11	1.5
18	11	1.5
20	11	1.5
22	11	1.5
24	11	1.5
26	11	1.5
28	11	1.5
30	11	1.5
32	11	1.5
34	11	1.5
36	11	1.5
38	11	1.5
40	11	1.5
42	11	1.5
44	11	1.5
46	11	1.5
48	11	1.5
50	11	1.5
52	11	1.5
54	11	1.5
56	11	1.5
58	11	1.5
60	11	1.5
62	11	1.5
64	11	1.5
66	11	1.5
68	11	1.5
70	11	1.5
72	11	1.5
74	11	1.5
76	11	1.5
78	11	1.5
80	11	1.5
82	11	1.5
84	11	1.5
86	11	1.5
88	11	1.5
90	11	1.5
92	11	1.5
94	11	1.5
96	11	1.5
98	11	1.5
100	11	1.5
102	11	1.5
104	11	1.5
106	11	1.5
108	11	1.5
110	11	1.5
112	11	1.5
114	11	1.5
116	11	1.5
118	11	1.5
120	11	1.5
122	11	1.5
124	11	1.5
126	11	1.5
128	11	1.5
130	11	1.5
132	11	1.5
134	11	#9EE2E8
136	11	#9DE1E8
138	11	#95D3D8
140	11	#8AB8B2
142	11	#8FB096
144	11	#9DBF95
146	11	#A5C89B
148	11	#A4C99B
150	11	2
152	11	2
154	11	2
156	11	2
0	12	1.5
2	12	1.5
4	12	1.5
6	12	1.5
8	12	1.5
10	12	1.5
12	12	1.5
14	12	1.5
16	12	1.5
18	12	1.5
20	12	1.5
22	12	1.5
24	12	1.5
26	12	1.5
28	12	1.5
30	12	1.5
32	12	1.5
34	12	1.5
36	12	1.5
38	12	1.5
40	12	1.5
42	12	1.5
44	12	1.5
46	12	1.5
48	12	1.5
50	12	1.5
52	12	1.5
54	12	1.5
56	12	1.5
58	12	1.5
60	12	1.5
62	12	1.5
64	12	1.5
66	12	1.5
68	12	1.5
70	12	1.5
72	12	1.5
74	12	1.5
76	12	1.5
78	12	1.5
80	12	1.5
82	12	1.5
84	12	1.5
86	12	1.5
88	12	1.5
90	12	1.5
92	12	1.5
94	12	1.5
96	12	1.5
98	12	1.5
100	12	1.5
102	12	1.5
104	12	1.5
106	12	1.5
108	12	1.5
110	12	1.5
112	12	1.5
114	12	1.5
116	12	1.5
118	12	1.5
120	12	1.5
122	12	1.5
124	12	1.5
126	12	1.5
128	12	1.5
130	12	#9EE2E9
132	12	#9CE0E7
134	12	#94D0D4
136	12	#8AB6AF
138	12	#8FB195
140	12	#9EBF95
142	12	#A5C99B
144	12	#A4C99B
146	12	2
148	12	2
150	12	2
152	12	2
154	12	2
156	12	2
0	13	1.5
2	13	1.5
4	13	1.5
6	13	1.5
8	13	1.5
10	13	1.5
12	13	1.5
14	13	1.5
16	13	1.5
18	13	1.5
20	13	1.5
22	13	1.5
24	13	1.5
26	13	1.5
28	13	1.5
30	13	1.5
32	13	1.5
34	13	1.5
36	13	1.5
38	13	1.5
40	13	1.5
42	13	1.5
44	13	1.5
46	13	1.5
48	13	1.5
50	13	1.5
52	13	1.5
54	13	1.5
56	13	1.5
58	13	1.5
60	13	1.5
62	13	1.5
64	13	1.5
66	13	1.5
68	13	1.5
70	13	1.5
72	13	1.5
74	13	1.5
76	13	1.5
78	13	1.5
80	13	1.5
82	13	1.5
84	13	1.5
86	13	1.5
88	13	1.5
90	13	1.5
92	13	1.5
94	13	1.5
96	13	1.5
98	13	1.5
100	13	1.5
102	13	1.5
104	13	1.5
106	13	1.5
108	13	1.5
110	13	1.5
112	13	1.5
114	13	1.5
116	13	1.5
118	13	1.5
120	13	1.5
122	13	1.5
124	13	1.5
126	13	#9EE3E9
128	13	#9BDFE5
130	13	#91CBCE
132	13	#8AB4A9
134	13	#91B294
136	13	#9FC095
138	13	#A5C99B
140	13	2
142	13	2
144	13	2
146	13	2
148	13	2
150	13	2
152	13	2
154	13	2
156	13	2
0	14	1.5
2	14	1.5
4	14	1.5
6	14	1.5
8	14	1.5
10	14	1.5
12	14	1.5
14	14	1.5
16	14	1.5
18	14	1.5
20	14	1.5
22	14	1.5
24	14	1.5
26	14	1.5
28	14	1.5
30	14	1.5
32	14	1.5
34	14	1.5
36	14	1.5
38	14	1.5
40	14	1.5
42	14	1.5
44	14	1.5
46	14	1.5
48	14	1.5
50	14	1.5
52	14	1.5
54	14	1.5
56	14	1.5
58	14	1.5
60	14	1.5
62	14	1.5
64	14	1.5
66	14	1.5
68	14	1.5
70	14	1.5
72	14	1.5
74	14	1.5
76	14	1.5
78	14	1.5
80	14	1.5
82	14	1.5
84	14	1.5
86	14	1.5
88	14	1.5
90	14	1.5
92	14	1.5
94	14	1.5
96	14	1.5
98	14	1.5
100	14	1.5
102	14	1.5
104	14	1.5
106	14	1.5
108	14	1.5
110	14	1.5
112	14	1.5
114	14	1.5
116	14	1.5
118	14	1.5
120	14	#9DE2E8
122	14	#9EE2E9
124	14	#9ADCE2
126	14	#8FC5C7
128	14	#8AB1A3
130	14	#94B493
132	14	#A1C397
134	14	#A5C99B
136	14	2
138	14	2
140	14	2
142	14	2
144	14	2
146	14	2
148	14	2
150	14	2
152	14	2
154	14	2
156	14	2
0	15	1.5
2	15	1.5
4	15	1.5
6	15	1.5
8	15	1.5
10	15	1.5
12	15	1.5
14	15	1.5
16	15	1.5
18	15	1.5
20	15	1.5
22	15	1.5
24	15	1.5
26	15	1.5
28	15	1.5
30	15	1.5
32	15	1.5
34	15	1.5
36	15	1.5
38	15	1.5
40	15	1.5
42	15	1.5
44	15	1.5
46	15	1.5
48	15	1.5
50	15	1.5
52	15	1.5
54	15	1.5
56	15	1.5
58	15	1.5
60	15	1.5
62	15	1.5
64	15	1.5
66	15	1.5
68	15	1.5
70	15	1.5
72	15	1.5
74	15	1.5
76	15	1.5
78	15	1.5
80	15	1.5
82	15	1.5
84	15	1.5
86	15	1.5
88	15	1.5
90	15	1.5
92	15	1.5
94	15	1.5
96	15	1.5
98	15	1.5
100	15	1.5
102	15	1.5
104	15	1.5
106	15	1.5
108	15	1.5
110	15	1.5
112	15	1.5
114	15	1.5
116	15	#9EE2E8
118	15	#9DE2E8
120	15	#97D7DC
122	15	#8DBFBD
124	15	#8CB09D
126	15	#97B792
128	15	#A2C598
130	15	#A5C99B
132	15	2
134	15	2
136	15	2
138	15	2
140	15	2
142	15	2
144	15	2
146	15	2
148	15	2
150	15	2
152	15	2
154	15	2
156	15	2
0	16	1.5
2	16	1.5
4	16	1.5
6	16	1.5
8	16	1.5
10	16	1.5
12	16	1.5
14	16	1.5
16	16	1.5
18	16	1.5
20	16	1.5
22	16	1.5
24	16	1.5
26	16	1.5
28	16	1.5
30	16	1.5
32	16	1.5
34	16	1.5
36	16	1.5
38	16	1.5
40	16	1.5
42	16	1.5
44	16	1.5
46	16	1.5
48	16	1.5
50	16	1.5
52	16	1.5
54	16	1.5
56	16	1.5
58	16	1.5
60	16	1.5
62	16	1.5
64	16	1.5
66	16	1.5
68	16	1.5
70	16	1.5
72	16	1.5
74	16	1.5
76	16	1.5
78	16	1.5
80	16	1.5
82	16	1.5
84	16	1.5
86	16	1.5
88	16	1.5
90	16	1.5
92	16	1.5
94	16	1.5
96	16	1.5
98	16	1.5
100	16	1.5
102	16	1.5
104	16	1.5
106	16	1.5
108	16	1.5
110	16	1.5
112	16	#9EE3E9
114	16	#9CDFE6
116	16	#94D0D4
118	16	#8BB9B2
120	16	#8EB198
122	16	#9BBC94
124	16	#A4C799
126	16	#A5C99C
128	16	2
130	16	2
132	16	2
134	16	2
136	16	2
138	16	2
140	16	2
142	16	2
144	16	2
146	16	2
148	16	2
150	16	2
152	16	2
154	16	2
156	16	2
0	17	1.5
2	17	1.5
4	17	1.5
6	17	1.5
8	17	1.5
10	17	1.5
12	17	1.5
14	17	1.5
16	17	1.5
18	17	1.5
20	17	1.5
22	17	1.5
24	17	1.5
26	17	1.5
28	17	1.5
30	17	1.5
32	17	1.5
34	17	1.5
36	17	1.5
38	17	1.5
40	17	1.5
42	17	1.5
44	17	1.5
46	17	1.5
48	17	1.5
50	17	1.5
52	17	1.5
54	17	1.5
56	17	1.5
58	17	1.5
60	17	1.5
62	17	1.5
64	17	1.5
66	17	1.5
68	17	1.5
70	17	1.5
72	17	1.5
74	17	1.5
76	17	1.5
78	17	1.5
80	17	1.5
82	17	1.5
84	17	1.5
86	17	1.5
88	17	1.5
90	17	1.5
92	17	1.5
94	17	1.5
96	17	1.5
98	17	1.5
100	17	1.5
102	17	1.5
104	17	1.5
106	17	#9EE2E8
108	17	#9DE2E9
110	17	#99D9E0
112	17	#8FC5C6
114	17	#8AB2A5
116	17	#91B294
118	17	#9EC095
120	17	#A5C89A
122	17	#A5C99B
124	17	2
126	17	2
128	17	2
130	17	2
132	17	2
134	17	2
136	17	2
138	17	2
140	17	2
142	17	2
144	17	2
146	17	2
148	17	2
150	17	2
152	17	2
154	17	2
156	17	2
0	18	1.5
2	18	1.5
4	18	1.5
6	18	1.5
8	18	1.5
10	18	1.5
12	18	1.5
14	18	1.5
16	18	1.5
18	18	1.5
20	18	1.5
22	18	1.5
24	18	1.5
26	18	1.5
28	18	1.5
30	18	1.5
32	18	1.5
34	18	1.5
36	18	1.5
38	18	1.5
40	18	1.5
42	18	1.5
44	18	1.5
46	18	1.5
48	18	1.5
50	18	1.5
52	18	1.5
54	18	1.5
56	18	1.5
58	18	1.5
60	18	1.5
62	18	1.5
64	18	1.5
66	18	1.5
68	18	1.5
70	18	1.5
72	18	1.5
74	18	1.5
76	18	1.5
78	18	1.5
80	18	1.5
82	18	1.5
84	18	1.5
86	18	1.5
88	18	1.5
90	18	1.5
92	18	1.5
94	18	1.5
96	18	1.5
98	18	1.5
100	18	#9DE2E8
102	18	#9EE3E9
104	18	#9CDFE6
106	18	#94D0D4
108	18	#8BBAB5
110	18	#8CB09A
112	18	#97B893
114	18	#A2C498
116	18	#A5C99B
118	18	2
120	18	2
122	18	2
124	18	2
126	18	2
128	18	2
130	18	2
132	18	2
134	18	2
136	18	2
138	18	2
140	18	2
142	18	2
144	18	2
146	18	2
148	18	2
150	18	2
152	18	2
154	18	2
156	18	2
0	19	1.5
2	19	1.5
4	19	1.5
6	19	1.5
8	19	1.5
10	19	1.5
12	19	1.5
14	19	1.5
16	19	1.5
18	19	1.5
20	19	1.5
22	19	1.5
24	19	1.5
26	19	1.5
28	19	1.5
30	19	1.5
32	19	1.5
34	19	1.5
36	19	1.5
38	19	1.5
40	19	1.5
42	19	1.5
44	19	1.5
46	19	1.5
48	19	1.5
50	19	1.5
52	19	1.5
54	19	1.5
56	19	1.5
58	19	1.5
60	19	1.5
62	19	1.5
64	19	1.5
66	19	1.5
68	19	1.5
70	19	1.5
72	19	1.5
74	19	1.5
76	19	1.5
78	19	1.5
80	19	1.5
82	19	1.5
84	19	1.5
86	19	1.5
88	19	1.5
90	19	1.5
92	19	1.5
94	19	1.5
96	19	#9EE3E9
98	19	#9DE1E8
100	19	#97D7DC
102	19	#8FC3C2
104	19	#8BB2A4
106	19	#92B394
108	19	#9EBF95
110	19	#A4C89A
112	19	#A5C99C
114	19	2
116	19	2
118	19	2
120	19	2
122	19	2
124	19	2
126	19	2
128	19	2
130	19	2
132	19	2
134	19	2
136	19	2
138	19	2
140	19	2
142	19	2
144	19	2
146	19	2
148	19	2
150	19	2
152	19	2
154	19	2
156	19	2
0	20	1.5
2	20	1.5
4	20	1.5
6	20	1.5
8	20	1.5
10	20	1.5
12	20	1.5
14	20	1.5
16	20	1.5
18	20	1.5
20	20	1.5
22	20	1.5
24	20	1.5
26	20	1.5
28	20	1.5
30	20	1.5
32	20	1.5
34	20	1.5
36	20	1.5
38	20	1.5
40	20	1.5
42	20	1.5
44	20	1.5
46	20	1.5
48	20	1.5
50	20	1.5
52	20	1.5
54	20	1.5
56	20	1.5
58	20	1.5
60	20	1.5
62	20	1.5
64	20	1.5
66	20	1.5
68	20	1.5
70	20	1.5
72	20	1.5
74	20	1.5
76	20	1.5
78	20	1.5
80	20	1.5
82	20	1.5
84	20	1.5
86	20	1.5
88	20	1.5
90	20	#9EE2E9
92	20	#9DE2E8
94	20	#99DAE0
96	20	#91C9CB
98	20	#8AB6AE
100	20	#8EB098
102	20	#99BA93
104	20	#A2C598
106	20	#A5C99B
108	20	#A4C99B
110	20	2
112	20	2
114	20	2
116	20	2
118	20	2
120	20	2
122	20	2
124	20	2
126	20	2
128	20	2
130	20	2
132	20	2
134	20	2
136	20	2
138	20	2
140	20	2
142	20	2
144	20	2
146	20	2
148	20	2
150	20	2
152	20	2
154	20	2
156	20	2
0	21	1.5
2	21	1.5
4	21	1.5
6	21	1.5
8	21	1.5
10	21	1.5
12	21	1.5
14	21	1.5
16	21	1.5
18	21	1.5
20	21	1.5
22	21	1.5
24	21	1.5
26	21	1.5
28	21	1.5
30	21	1.5
32	21	1.5
34	21	1.5
36	21	1.5
38	21	1.5
40	21	1.5
42	21	1.5
44	21	1.5
46	21	1.5
48	21	1.5
50	21	1.5
52	21	1.5
54	21	1.5
56	21	1.5
58	21	1.5
60	21	1.5
62	21	1.5
64	21	1.5
66	21	1.5
68	21	1.5
70	21	1.5
72	21	1.5
74	21	1.5
76	21	1.5
78	21	1.5
80	21	1.5
82	21	1.5
84	21	#9EE2E9
86	21	#9DE2E9
88	21	#99DBE1
90	21	#92CACD
92	21	#8BB8B1
94	21	#8DB09B
96	21	#96B693
98	21	#A0C296
100	21	#A5C89A
102	21	#A5C99C
104	21	2
106	21	2
108	21	2
110	21	2
112	21	2
114	21	2
116	21	2
118	21	2
120	21	2
122	21	2
124	21	2
126	21	2
128	21	2
130	21	2
132	21	2
134	21	2
136	21	2
138	21	2
140	21	2
142	21	2
144	21	2
146	21	2
148	21	2
150	21	2
152	21	2
154	21	2
156	21	2
0	22	1.5
2	22	1.5
4	22	1.5
6	22	1.5
8	22	1.5
10	22	1.5
12	22	1.5
14	22	1.5
16	22	1.5
18	22	1.5
20	22	1.5
22	22	1.5
24	22	1.5
26	22	1.5
28	22	1.5
30	22	1.5
32	22	1.5
34	22	1.5
36	22	1.5
38	22	1.5
40	22	1.5
42	22	1.5
44	22	1.5
46	22	1.5
48	22	1.5
50	22	1.5
52	22	1.5
54	22	1.5
56	22	1.5
58	22	1.5
60	22	1.5
62	22	1.5
64	22	1.5
66	22	1.5
68	22	1.5
70	22	1.5
72	22	1.5
74	22	1.5
76	22	#9DE2E8
78	22	#9EE3E9
80	22	#9DE2E8
82	22	#99DBE1
84	22	#92CBCD
86	22	#8CB9B2
88	22	#8CB09C
90	22	#95B593
92	22	#9FC096
94	22	#A4C89A
96	22	#A5C99B
98	22	2
100	22	2
102	22	2
104	22	2
106	22	2
108	22	2
110	22	2
112	22	2
114	22	2
116	22	2
118	22	2
120	22	2
122	22	2
124	22	2
126	22	2
128	22	2
130	22	2
132	22	2
134	22	2
136	22	2
138	22	2
140	22	2
142	22	2
144	22	2
146	22	2
148	22	2
150	22	2
152	22	2
154	22	2
156	22	2
0	23	1.5
2	23	1.5
4	23	1.5
6	23	1.5
8	23	1.5
10	23	1.5
12	23	1.5
14	23	1.5
16	23	1.5
18	23	1.5
20	23	1.5
22	23	1.5
24	23	1.5
26	23	1.5
28	23	1.5
30	23	1.5
32	23	1.5
34	23	1.5
36	23	1.5
38	23	1.5
40	23	1.5
42	23	1.5
44	23	1.5
46	23	1.5
48	23	1.5
50	23	1.5
52	23	1.5
54	23	1.5
56	23	1.5
58	23	1.5
60	23	1.5
62	23	1.5
64	23	1.5
66	23	1.5
68	23	1.5
70	23	#9EE2E8
72	23	#9EE3E9
74	23	#9CE0E7
76	23	#97D7DD
78	23	#90C8CA
80	23	#8BB7B0
82	23	#8DB09B
84	23	#95B593
86	23	#9EC095
88	23	#A4C79A
90	23	#A5C99B
92	23	2
94	23	2
96	23	2
98	23	2
100	23	2
102	23	2
104	23	2
106	23	2
108	23	2
110	23	2
112	23	2
114	23	2
116	23	2
118	23	2
120	23	2
122	23	2
124	23	2
126	23	2
128	23	2
130	23	2
132	23	2
134	23	2
136	23	2
138	23	2
140	23	2
142	23	2
144	23	2
146	23	2
148	23	2
150	23	2
152	23	2
154	23	2
156	23	2
0	24	1.5
2	24	1.5
4	24	1.5
6	24	1.5
8	24	1.5
10	24	1.5
12	24	1.5
14	24	1.5
16	24	1.5
18	24	1.5
20	24	1.5
22	24	1.5
24	24	1.5
26	24	1.5
28	24	1.5
30	24	1.5
32	24	1.5
34	24	1.5
36	24	1.5
38	24	1.5
40	24	1.5
42	24	1.5
44	24	1.5
46	24	1.5
48	24	1.5
50	24	1.5
52	24	1.5
54	24	1.5
56	24	1.5
58	24	1.5
60	24	1.5
62	24	#9EE2E8
64	24	#9EE3E9
66	24	#9DE1E8
68	24	#99DBE1
70	24	#93CED2
72	24	#8DBFBC
74	24	#8BB3A7
76	24	#8EB197
78	24	#96B793
80	24	#9FC196
82	24	#A4C79A
84	24	#A5C99B
86	24	2
88	24	2
90	24	2
92	24	2
94	24	2
96	24	2
98	24	2
100	24	2
102	24	2
104	24	2
106	24	2
108	24	2
110	24	2
112	24	2
114	24	2
116	24	2
118	24	2
120	24	2
122	24	2
124	24	2
126	24	2
128	24	2
130	24	2
132	24	2
134	24	2
136	24	2
138	24	2
140	24	2
142	24	2
144	24	2
146	24	2
148	24	2
150	24	2
152	24	2
154	24	2
156	24	2
0	25	1.5
2	25	1.5
4	25	1.5
6	25	1.5
8	25	1.5
10	25	1.5
12	25	1.5
14	25	1.5
16	25	1.5
18	25	1.5
20	25	1.5
22	25	1.5
24	25	1.5
26	25	1.5
28	25	1.5
30	25	1.5
32	25	1.5
34	25	1.5
36	25	1.5
38	25	1.5
40	25	1.5
42	25	1.5
44	25	1.5
46	25	1.5
48	25	1.5
50	25	1.5
52	25	#9DE2E8
54	25	#9EE2E9
56	25	#9EE2E9
58	25	#9CE0E7
60	25	#99DBE1
62	25	#94CFD3
64	25	#8EC1C0
66	25	#8AB5AB
68	25	#8CB09B
70	25	#93B394
72	25	#9BBC94
74	25	#A2C498
76	25	#A5C89A
78	25	#A5C99C
80	25	2
82	25	2
84	25	2
86	25	2
88	25	2
90	25	2
92	25	2
94	25	2
96	25	2
98	25	2
100	25	2
102	25	2
104	25	2
106	25	2
108	25	2
110	25	2
112	25	2
114	25	2
116	25	2
118	25	2
120	25	2
122	25	2
124	25	2
126	25	2
128	25	2
130	25	2
132	25	2
134	25	2
136	25	2
138	25	2
140	25	2
142	25	2
144	25	2
146	25	2
148	25	2
150	25	2
152	25	2
154	25	2
156	25	2
0	26	1.5
2	26	1.5
4	26	1.5
6	26	1.5
8	26	1.5
10	26	1.5
12	26	1.5
14	26	1.5
16	26	1.5
18	26	1.5
20	26	1.5
22	26	1.5
24	26	1.5
26	26	1.5
28	26	1.5
30	26	1.5
32	26	1.5
34	26	1.5
36	26	1.5
38	26	1.5
40	26	1.5
42	26	#9EE2E8
44	26	#9EE3E9
46	26	#9EE2E9
48	26	#9DE1E8
50	26	#9BDDE4
52	26	#96D5DB
54	26	#91C9CC
56	26	#8DBDBA
58	26	#8AB4A9
60	26	#8CB09B
62	26	#92B394
64	26	#9ABA93
66	26	#A0C397
68	26	#A4C79A
70	26	#A5C99B
72	26	#A5C99B
74	26	2
76	26	2
78	26	2
80	26	2
82	26	2
84	26	2
86	26	2
88	26	2
90	26	2
92	26	2
94	26	2
96	26	2
98	26	2
100	26	2
102	26	2
104	26	2
106	26	2
108	26	2
110	26	2
112	26	2
114	26	2
116	26	2
118	26	2
120	26	2
122	26	2
124	26	2
126	26	2
128	26	2
130	26	2
132	26	2
134	26	2
136	26	2
138	26	2
140	26	2
142	26	2
144	26	2
146	26	2
148	26	2
150	26	2
152	26	2
154	26	2
156	26	2
0	27	1.5
2	27	1.5
4	27	1.5
6	27	1.5
8	27	1.5
10	27	1.5
12	27	1.5
14	27	1.5
16	27	1.5
18	27	1.5
20	27	1.5
22	27	1.5
24	27	#9DE2E8
26	27	#9DE2E8
28	27	#9EE2E9
30	27	#9EE3E9
32	27	#9EE3E9
34	27	#9DE2E9
36	27	1.5
38	27	#9BDEE5
40	27	#98D9DF
42	27	#95D2D7
44	27	#91C9CB
46	27	#8DBFBC
48	27	#8BB6AD
50	27	#8CB1A0
52	27	#8FB197
54	27	#96B693
56	27	#9CBD94
58	27	#A1C497
60	27	#A4C79A
62	27	#A5C99B
64	27	#A5C99C
66	27	2
68	27	2
70	27	2
72	27	2
74	27	2
76	27	2
78	27	2
80	27	2
82	27	2
84	27	2
86	27	2
88	27	2
90	27	2
92	27	2
94	27	2
96	27	2
98	27	2
100	27	2
102	27	2
104	27	2
106	27	2
108	27	2
110	27	2
112	27	2
114	27	2
116	27	2
118	27	2
120	27	2
122	27	2
124	27	2
126	27	2
128	27	2
130	27	2
132	27	2
134	27	2
136	27	2
138	27	2
140	27	2
142	27	2
144	27	2
146	27	2
148	27	2
150	27	2
152	27	2
154	27	2
156	27	2
0	28	#9ADDE3
2	28	#9BDEE5
4	28	#9BDFE6
6	28	#9CE0E6
8	28	#9CE0E6
10	28	#9CE0E6
12	28	#9CE0E6
14	28	#9BDFE6
16	28	#9BDEE5
18	28	#9ADDE3
20	28	#9ADBE1
22	28	#98D8DE
24	28	#96D6DB
26	28	#95D2D7
28	28	#93CCD0
30	28	#90C6C7
32	28	#8DC0BE
34	28	#8BBAB5
36	28	#8AB5AA
38	28	#8BB2A1
40	28	#8DB199
42	28	#91B395
44	28	#96B793
46	28	#9CBC94
48	28	#A0C297
50	28	#A3C799
52	28	#A5C99B
54	28	#A5C99C
56	28	#A4C99B
58	28	2
60	28	2
62	28	2
64	28	2
66	28	2
68	28	2
70	28	2
72	28	2
74	28	2
76	28	2
78	28	2
80	28	2
82	28	2
84	28	2
86	28	2
88	28	2
90	28	2
92	28	2
94	28	2
96	28	2
98	28	2
100	28	2
102	28	2
104	28	2
106	28	2
108	28	2
110	28	2
112	28	2
114	28	2
116	28	2
118	28	2
120	28	2
122	28	2
124	28	2
126	28	2
128	28	2
130	28	2
132	28	2
134	28	2
136	28	2
138	28	2
140	28	2
142	28	2
144	28	2
146	28	2
148	28	2
150	28	2
152	28	2
154	28	2
156	28	2
0	29	#88AF9C
2	29	#8DB2A2
4	29	#86B0A0
6	29	#8CB4A9
8	29	#8CB4A9
10	29	#8CB4A9
12	29	#8CB4A9
14	29	#86B0A0
16	29	#8DB2A2
18	29	#89B09E
20	29	#8FB29D
22	29	#8BAF97
24	29	#90B299
26	29	#92B395
28	29	#95B594
30	29	#98B994
32	29	#9BBC94
34	29	#9EC095
36	29	#A1C397
38	29	#A3C699
40	29	#A4C89A
42	29	#A5C99B
44	29	#A5C99C
46	29	#A5C99B
48	29	2
50	29	2
52	29	2
54	29	2
56	29	2
58	29	2
60	29	2
62	29	2
64	29	2
66	29	2
68	29	2
70	29	2
72	29	2
74	29	2
76	29	2
78	29	2
80	29	2
82	29	2
84	29	2
86	29	2
88	29	2
90	29	2
92	29	2
94	29	2
96	29	2
98	29	2
100	29	2
102	29	2
104	29	2
106	29	2
108	29	2
110	29	2
112	29	2
114	29	2
116	29	2
118	29	2
120	29	2
122	29	2
124	29	2
126	29	2
128	29	2
130	29	2
132	29	2
134	29	2
136	29	2
138	29	2
140	29	2
142	29	2
144	29	2
146	29	2
148	29	2
150	29	2
152	29	2
154	29	2
156	29	2
0	30	#A4C799
2	30	#A3C699
4	30	#A2C598
6	30	#A3C599
8	30	#A3C599
10	30	#A3C599
12	30	#A3C599
14	30	#A2C598
16	30	#A3C699
18	30	#A4C799
20	30	#A4C79A
22	30	#A4C89A
24	30	#A5C99B
26	30	#A5C99B
28	30	#A5C99B
30	30	#A5C99C
32	30	#A5C99B
34	30	2
36	30	2
38	30	2
40	30	2
42	30	2
44	30	2
46	30	2
48	30	2
50	30	2
52	30	2
54	30	2
56	30	2
58	30	2
60	30	2
62	30	2
64	30	2
66	30	2
68	30	2
70	30	2
72	30	2
74	30	2
76	30	2
78	30	2
80	30	2
82	30	2
84	30	2
86	30	2
88	30	2
90	30	2
92	30	2
94	30	2
96	30	2
98	30	2
100	30	2
102	30	2
104	30	2
106	30	2
108	30	2
110	30	2
112	30	2
114	30	2
116	30	2
118	30	2
120	30	2
122	30	2
124	30	2
126	30	2
128	30	2
130	30	2
132	30	2
134	30	2
136	30	2
138	30	2
140	30	2
142	30	2
144	30	2
146	30	2
148	30	2
150	30	2
152	30	2
154	30	2
156	30	#A4C99B
0	31	2
2	31	2
4	31	2
6	31	2
8	31	2
10	31	2
12	31	2
14	31	2
16	31	2
18	31	2
20	31	2
22	31	2
24	31	2
26	31	2
28	31	2
30	31	2
32	31	2
34	31	2
36	31	2
38	31	2
40	31	2
42	31	2
44	31	2
46	31	2
48	31	2
50	31	2
52	31	2
54	31	2
56	31	2
58	31	2
60	31	2
62	31	2
64	31	2
66	31	2
68	31	2
70	31	2
72	31	2
74	31	2
76	31	2
78	31	2
80	31	2
82	31	2
84	31	2
86	31	2
88	31	2
90	31	2
92	31	2
94	31	2
96	31	2
98	31	2
100	31	2
102	31	2
104	31	2
106	31	2
108	31	2
110	31	2
112	31	2
114	31	2
116	31	2
118	31	2
120	31	2
122	31	2
124	31	2
126	31	2
128	31	2
130	31	2
132	31	2
134	31	2
136	31	2
138	31	2
140	31	2
142	31	2
144	31	2
146	31	2
148	31	#A4C99B
150	31	#A5C99C
152	31	#A4C99B
154	31	#A1C599
156	31	#9CBD94
0	32	2
2	32	2
4	32	2
6	32	2
8	32	2
10	32	2
12	32	2
14	32	2
16	32	2
18	32	2
20	32	2
22	32	2
24	32	2
26	32	2
28	32	2
30	32	2
32	32	2
34	32	2
36	32	2
38	32	2
40	32	2
42	32	2
44	32	2
46	32	2
48	32	2
50	32	2
52	32	2
54	32	2
56	32	2
58	32	2
60	32	2
62	32	2
64	32	2
66	32	2
68	32	2
70	32	2
72	32	2
74	32	2
76	32	2
78	32	2
80	32	2
82	32	2
84	32	2
86	32	2
88	32	2
90	32	2
92	32	2
94	32	2
96	32	2
98	32	2
100	32	2
102	32	2
104	32	2
106	32	2
108	32	2
110	32	2
112	32	2
114	32	2
116	32	2
118	32	2
120	32	2
122	32	2
124	32	2
126	32	2
128	32	2
130	32	2
132	32	2
134	32	2
136	32	2
138	32	2
140	32	#A4C99B
142	32	#A5C99C
144	32	#A4C99B
146	32	#A2C699
148	32	#9DBE95
150	32	#98B38E
152	32	#96AA88
154	32	#9BA686
156	32	#A6AA89
0	33	2
2	33	2
4	33	2
6	33	2
8	33	2
10	33	2
12	33	2
14	33	2
16	33	2
18	33	2
20	33	2
22	33	2
24	33	2
26	33	2
28	33	2
30	33	2
32	33	2
34	33	2
36	33	2
38	33	2
40	33	2
42	33	2
44	33	2
46	33	2
48	33	2
50	33	2
52	33	2
54	33	2
56	33	2
58	33	2
60	33	2
62	33	2
64	33	2
66	33	2
68	33	2
70	33	2
72	33	2
74	33	2
76	33	2
78	33	2
80	33	2
82	33	2
84	33	2
86	33	2
88	33	2
90	33	2
92	33	2
94	33	2
96	33	2
98	33	2
100	33	2
102	33	2
104	33	2
106	33	2
108	33	2
110	33	2
112	33	2
114	33	2
116	33	2
118	33	2
120	33	2
122	33	2
124	33	2
126	33	2
128	33	2
130	33	2
132	33	#A4C99B
134	33	#A5C99C
136	33	#A4C99C
138	33	#A2C69A
140	33	#9DBE95
142	33	#98B48E
144	33	#96AA88
146	33	#9AA686
148	33	#A6AA89
150	33	#B4B28F
152	33	#C0BC95
154	33	#C7C29A
156	33	#C9C59C
0	34	2
2	34	2
4	34	2
6	34	2
8	34	2
10	34	2
12	34	2
14	34	2
16	34	2
18	34	2
20	34	2
22	34	2
24	34	2
26	34	2
28	34	2
30	34	2
32	34	2
34	34	2
36	34	2
38	34	2
40	34	2
42	34	2
44	34	2
46	34	2
48	34	2
50	34	2
52	34	2
54	34	2
56	34	2
58	34	2
60	34	2
62	34	2
64	34	2
66	34	2
68	34	2
70	34	2
72	34	2
74	34	2
76	34	2
78	34	2
80	34	2
82	34	2
84	34	2
86	34	2
88	34	2
90	34	2
92	34	2
94	34	2
96	34	2
98	34	2
100	34	2
102	34	2
104	34	2
106	34	2
108	34	2
110	34	2
112	34	2
114	34	2
116	34	2
118	34	2
120	34	2
122	34	2
124	34	#A4C99B
126	34	#A5C99C
128	34	#A4C99B
130	34	#A2C69A
132	34	#9DBF95
134	34	#98B58F
136	34	#97AB89
138	34	#9BA787
140	34	#A5A988
142	34	#B3B18E
144	34	#BFBB95
146	34	#C7C29A
148	34	#C9C59C
150	34	#C9C59C
152	34	2.8
154	34	2.8
156	34	2.8
0	35	2
2	35	2
4	35	2
6	35	2
8	35	2
10	35	2
12	35	2
14	35	2
16	35	2
18	35	2
20	35	2
22	35	2
24	35	2
26	35	2
28	35	2
30	35	2
32	35	2
34	35	2
36	35	2
38	35	2
40	35	2
42	35	2
44	35	2
46	35	2
48	35	2
50	35	2
52	35	2
54	35	2
56	35	2
58	35	2
60	35	2
62	35	2
64	35	2
66	35	2
68	35	2
70	35	2
72	35	2
74	35	2
76	35	2
78	35	2
80	35	2
82	35	2
84	35	2
86	35	2
88	35	2
90	35	2
92	35	2
94	35	2
96	35	2
98	35	2
100	35	2
102	35	2
104	35	2
106	35	2
108	35	2
110	35	2
112	35	2
114	35	2
116	35	#A5C99C
118	35	#A5C99C
120	35	2
122	35	#A1C599
124	35	#9DBE94
126	35	#98B48E
128	35	#97AB89
130	35	#9BA787
132	35	#A5AA89
134	35	#B2B18E
136	35	#BEBB95
138	35	#C6C29A
140	35	#C9C59C
142	35	#C9C59C
144	35	#C9C59B
146	35	2.8
148	35	2.8
150	35	2.8
152	35	2.8
154	35	2.8
156	35	2.8
0	36	2
2	36	2
4	36	2
6	36	2
8	36	2
10	36	2
12	36	2
14	36	2
16	36	2
18	36	2
20	36	2
22	36	2
24	36	2
26	36	2
28	36	2
30	36	2
32	36	2
34	36	2
36	36	2
38	36	2
40	36	2
42	36	2
44	36	2
46	36	2
48	36	2
50	36	2
52	36	2
54	36	2
56	36	2
58	36	2
60	36	2
62	36	2
64	36	2
66	36	2
68	36	2
70	36	2
72	36	2
74	36	2
76	36	2
78	36	2
80	36	2
82	36	2
84	36	2
86	36	2
88	36	2
90	36	2
92	36	2
94	36	2
96	36	2
98	36	2
100	36	2
102	36	2
104	36	2
106	36	2
108	36	#A5C99C
110	36	#A5C99C
112	36	#A3C89B
114	36	#A0C498
116	36	#9BBB93
118	36	#98B28D
120	36	#97AA88
122	36	#9DA787
124	36	#A7AB8A
126	36	#B4B38F
128	36	#BFBB95
130	36	#C6C29A
132	36	#C9C59B
134	36	#C9C59C
136	36	#C9C59B
138	36	2.8
140	36	2.8
142	36	2.8
144	36	2.8
146	36	2.8
148	36	2.8
150	36	2.8
152	36	2.8
154	36	2.8
156	36	2.8
0	37	2
2	37	2
4	37	2
6	37	2
8	37	2
10	37	2
12	37	2
14	37	2
16	37	2
18	37	2
20	37	2
22	37	2
24	37	2
26	37	2
28	37	2
30	37	2
32	37	2
34	37	2
36	37	2
38	37	2
40	37	2
42	37	2
44	37	2
46	37	2
48	37	2
50	37	2
52	37	2
54	37	2
56	37	2
58	37	2
60	37	2
62	37	2
64	37	2
66	37	2
68	37	2
70	37	2
72	37	2
74	37	2
76	37	2
78	37	2
80	37	2
82	37	2
84	37	2
86	37	2
88	37	2
90	37	2
92	37	2
94	37	2
96	37	2
98	37	#A5C99C
100	37	#A5C99C
102	37	#A4C99B
104	37	#A2C69A
106	37	#9EC096
108	37	#9AB891
110	37	#97AF8B
112	37	#98A988
114	37	#9FA887
116	37	#ABAD8B
118	37	#B7B591
120	37	#C1BD96
122	37	#C7C39A
124	37	#C9C59C
126	37	#C9C59C
128	37	#C9C49B
130	37	2.8
132	37	2.8
134	37	2.8
136	37	2.8
138	37	2.8
140	37	2.8
142	37	2.8
144	37	2.8
146	37	2.8
148	37	2.8
150	37	2.8
152	37	2.8
154	37	2.8
156	37	2.8
0	38	2
2	38	2
4	38	2
6	38	2
8	38	2
10	38	2
12	38	2
14	38	2
16	38	2
18	38	2
20	38	2
22	38	2
24	38	2
26	38	2
28	38	2
30	38	2
32	38	2
34	38	2
36	38	2
38	38	2
40	38	2
42	38	2
44	38	2
46	38	2
48	38	2
50	38	2
52	38	2
54	38	2
56	38	2
58	38	2
60	38	2
62	38	2
64	38	2
66	38	2
68	38	2
70	38	2
72	38	2
74	38	2
76	38	2
78	38	2
80	38	2
82	38	2
84	38	2
86	38	2
88	38	#A4C99B
90	38	#A5C99C
92	38	#A4C99C
94	38	#A3C79B
96	38	#A0C398
98	38	#9BBB93
100	38	#98B38D
102	38	#97AB89
104	38	#9BA887
106	38	#A4A989
108	38	#AFAF8D
110	38	#BAB793
112	38	#C3BF97
114	38	#C8C39B
116	38	#C9C59C
118	38	#C9C59C
120	38	2.8
122	38	2.8
124	38	2.8
126	38	2.8
128	38	2.8
130	38	2.8
132	38	2.8
134	38	2.8
136	38	2.8
138	38	2.8
140	38	2.8
142	38	2.8
144	38	2.8
146	38	2.8
148	38	2.8
150	38	2.8
152	38	2.8
154	38	2.8
156	38	2.8
0	39	2
2	39	2
4	39	2
6	39	2
8	39	2
10	39	2
12	39	2
14	39	2
16	39	2
18	39	2
20	39	2
22	39	2
24	39	2
26	39	2
28	39	2
30	39	2
32	39	2
34	39	2
36	39	2
38	39	2
40	39	2
42	39	2
44	39	2
46	39	2
48	39	2
50	39	2
52	39	2
54	39	2
56	39	2
58	39	2
60	39	2
62	39	2
64	39	2
66	39	2
68	39	2
70	39	2
72	39	2
74	39	2
76	39	2
78	39	#A4C99B
80	39	#A5C99C
82	39	#A4C99C
84	39	#A3C89B
86	39	#A1C499
88	39	#9DBE94
90	39	#99B68F
92	39	#97AE8A
94	39	#99A887
96	39	#A0A888
98	39	#ABAD8B
100	39	#B6B490
102	39	#C0BC96
104	39	#C6C29A
106	39	#C9C49B
108	39	#C9C59C
110	39	#C9C59C
112	39	2.8
114	39	2.8
116	39	2.8
118	39	2.8
120	39	2.8
122	39	2.8
124	39	2.8
126	39	2.8
128	39	2.8
130	39	2.8
132	39	2.8
134	39	2.8
136	39	2.8
138	39	2.8
140	39	2.8
142	39	2.8
144	39	2.8
146	39	2.8
148	39	2.8
150	39	2.8
152	39	2.8
154	39	2.8
156	39	2.8
0	40	2
2	40	2
4	40	2
6	40	2
8	40	2
10	40	2
12	40	2
14	40	2
16	40	2
18	40	2
20	40	2
22	40	2
24	40	2
26	40	2
28	40	2
30	40	2
32	40	2
34	40	2
36	40	2
38	40	2
40	40	2
42	40	2
44	40	2
46	40	2
48	40	2
50	40	2
52	40	2
54	40	2
56	40	2
58	40	2
60	40	2
62	40	2
64	40	2
66	40	2
68	40	#A5C99C
70	40	#A5C99C
72	40	#A4C99C
74	40	#A3C79B
76	40	#A0C398
78	40	#9CBD94
80	40	#99B58F
82	40	#97AE8B
84	40	#98A987
86	40	#9EA887
88	40	#A7AB8A
90	40	#B2B18E
92	40	#BDB994
94	40	#C4C098
96	40	2.8
98	40	#C9C59C
100	40	#C9C59C
102	40	2.8
104	40	2.8
106	40	2.8
108	40	2.8
110	40	2.8
112	40	2.8
114	40	2.8
116	40	2.8
118	40	2.8
120	40	2.8
122	40	2.8
124	40	2.8
126	40	2.8
128	40	2.8
130	40	2.8
132	40	2.8
134	40	2.8
136	40	2.8
138	40	2.8
140	40	2.8
142	40	2.8
144	40	2.8
146	40	2.8
148	40	2.8
150	40	2.8
152	40	2.8
154	40	2.8
156	40	2.8
0	41	2
2	41	2
4	41	2
6	41	2
8	41	2
10	41	2
12	41	2
14	41	2
16	41	2
18	41	2
20	41	2
22	41	2
24	41	2
26	41	2
28	41	2
30	41	2
32	41	2
34	41	2
36	41	2
38	41	2
40	41	2
42	41	2
44	41	2
46	41	2
48	41	2
50	41	2
52	41	2
54	41	#A4C99B
56	41	#A5C99C
58	41	#A5C99C
60	41	#A4C99C
62	41	#A3C89B
64	41	#A1C599
66	41	#9EC096
68	41	#9BBA92
70	41	#98B38E
72	41	#97AD8A
74	41	#99A887
76	41	#9FA887
78	41	#A8AB8A
80	41	#B2B18E
82	41	#BCB994
84	41	#C4BF98
86	41	#C8C39B
88	41	#C9C59C
90	41	#C9C59C
92	41	#C9C59B
94	41	2.8
96	41	2.8
98	41	2.8
100	41	2.8
102	41	2.8
104	41	2.8
106	41	2.8
108	41	2.8
110	41	2.8
112	41	2.8
114	41	2.8
116	41	2.8
118	41	2.8
120	41	2.8
122	41	2.8
124	41	2.8
126	41	2.8
128	41	2.8
130	41	2.8
132	41	2.8
134	41	2.8
136	41	2.8
138	41	2.8
140	41	2.8
142	41	2.8
144	41	2.8
146	41	2.8
148	41	2.8
150	41	2.8
152	41	2.8
154	41	2.8
156	41	2.8
0	42	2
2	42	2
4	42	2
6	42	2
8	42	2
10	42	2
12	42	2
14	42	2
16	42	2
18	42	2
20	42	2
22	42	2
24	42	2
26	42	2
28	42	2
30	42	2
32	42	2
34	42	2
36	42	2
38	42	2
40	42	#A5C99C
42	42	#A5C99C
44	42	#A5C99C
46	42	#A4C99C
48	42	2
50	42	#A2C69A
52	42	#A0C398
54	42	#9DBF95
56	42	#9AB991
58	42	#98B38D
60	42	#97AD8A
62	42	#98A987
64	42	#9DA787
66	42	#A4A989
68	42	#ADAE8C
70	42	#B5B490
72	42	#BEBA94
74	42	#C5C098
76	42	#C8C39B
78	42	#C9C59C
80	42	#C9C59C
82	42	#C9C59B
84	42	2.8
86	42	2.8
88	42	2.8
90	42	2.8
92	42	2.8
94	42	2.8
96	42	2.8
98	42	2.8
100	42	2.8
102	42	2.8
104	42	2.8
106	42	2.8
108	42	2.8
110	42	2.8
112	42	2.8
114	42	2.8
116	42	2.8
118	42	2.8
120	42	2.8
122	42	2.8
124	42	2.8
126	42	2.8
128	42	2.8
130	42	2.8
132	42	2.8
134	42	2.8
136	42	2.8
138	42	2.8
140	42	2.8
142	42	2.8
144	42	2.8
146	42	2.8
148	42	2.8
150	42	2.8
152	42	2.8
154	42	2.8
156	42	2.8
0	43	#A5C99C
2	43	#A5C99C
4	43	#A5C99C
6	43	#A5C99C
8	43	#A4C99B
10	43	#A4C99B
12	43	#A4C99B
14	43	#A5C99C
16	43	#A5C99C
18	43	#A5C99C
20	43	#A5C99C
22	43	#A5C99C
24	43	#A5C99C
26	43	#A4C99C
28	43	#A4C99C
30	43	2
32	43	#A3C79B
34	43	#A2C69A
36	43	#A0C498
38	43	#9FC197
40	43	#9BBC93
42	43	#99B790
44	43	#98B28D
46	43	#97AD8A
48	43	#98A988
50	43	#9BA887
52	43	#9FA887
54	43	#A6AA89
56	43	#AEAF8C
58	43	#B6B490
60	43	#BEBA95
62	43	#C3BF98
64	43	#C7C39A
66	43	#C9C49B
68	43	#C9C59C
70	43	#C9C59C
72	43	#C9C59B
74	43	2.8
76	43	2.8
78	43	2.8
80	43	2.8
82	43	2.8
84	43	2.8
86	43	2.8
88	43	2.8
90	43	2.8
92	43	2.8
94	43	2.8
96	43	2.8
98	43	2.8
100	43	2.8
102	43	2.8
104	43	2.8
106	43	2.8
108	43	2.8
110	43	2.8
112	43	2.8
114	43	2.8
116	43	2.8
118	43	2.8
120	43	2.8
122	43	2.8
124	43	2.8
126	43	2.8
128	43	2.8
130	43	2.8
132	43	2.8
134	43	2.8
136	43	2.8
138	43	2.8
140	43	2.8
142	43	2.8
144	43	2.8
146	43	2.8
148	43	2.8
150	43	2.8
152	43	#C9C59C
154	43	#C9C69C
156	43	#C5C39A
0	44	#99B38E
2	44	#9AB791
4	44	#98B78F
6	44	#9BBA92
8	44	#9DBC94
10	44	#9DBC94
12	44	#9DBC94
14	44	#9BBA93
16	44	#9AB991
18	44	#9AB790
20	44	#99B690
22	44	#97B28C
24	44	#98B18D
26	44	#98AF8C
28	44	#95AB87
30	44	#97AA88
32	44	#99A887
34	44	#9BA887
36	44	#9FA889
38	44	#A4A989
40	44	#A9AC8A
42	44	#B0B08D
44	44	#B7B591
46	44	#BDBA94
48	44	#C2BE97
50	44	#C6C299
52	44	2.8
54	44	#C9C59C
56	44	#C9C59C
58	44	#C9C59C
60	44	#C9C59B
62	44	2.8
64	44	2.8
66	44	2.8
68	44	2.8
70	44	2.8
72	44	2.8
74	44	2.8
76	44	2.8
78	44	2.8
80	44	2.8
82	44	2.8
84	44	2.8
86	44	2.8
88	44	2.8
90	44	2.8
92	44	2.8
94	44	2.8
96	44	2.8
98	44	2.8
100	44	2.8
102	44	2.8
104	44	2.8
106	44	2.8
108	44	2.8
110	44	2.8
112	44	2.8
114	44	2.8
116	44	2.8
118	44	2.8
120	44	2.8
122	44	2.8
124	44	2.8
126	44	2.8
128	44	2.8
130	44	2.8
132	44	2.8
134	44	2.8
136	44	2.8
138	44	2.8
140	44	2.8
142	44	2.8
144	44	#C9C59C
146	44	#C9C69C
148	44	#C7C59B
150	44	#C1BE97
152	44	#B8B08F
154	44	#B29C86
156	44	#B48880
0	45	#B5B390
2	45	#B2B28F
4	45	#AEAE8B
6	45	#AEAF8E
8	45	#ACAD8C
10	45	#ACAD8C
12	45	#ACAD8C
14	45	#AEAE8D
16	45	#AFB08F
18	45	#B0AF8C
20	45	#B4B390
22	45	#B4B28D
24	45	#B9B692
26	45	#BCB893
28	45	#BEBA94
30	45	#C2BD97
32	45	#C4C099
34	45	#C7C29A
36	45	#C8C39B
38	45	#C9C49B
40	45	#C9C59C
42	45	#C9C59C
44	45	#C9C59C
46	45	#C9C59B
48	45	2.8
50	45	2.8
52	45	2.8
54	45	2.8
56	45	2.8
58	45	2.8
60	45	2.8
62	45	2.8
64	45	2.8
66	45	2.8
68	45	2.8
70	45	2.8
72	45	2.8
74	45	2.8
76	45	2.8
78	45	2.8
80	45	2.8
82	45	2.8
84	45	2.8
86	45	2.8
88	45	2.8
90	45	2.8
92	45	2.8
94	45	2.8
96	45	2.8
98	45	2.8
100	45	2.8
102	45	2.8
104	45	2.8
106	45	2.8
108	45	2.8
110	45	2.8
112	45	2.8
114	45	2.8
116	45	2.8
118	45	2.8
120	45	2.8
122	45	2.8
124	45	2.8
126	45	2.8
128	45	2.8
130	45	2.8
132	45	2.8
134	45	2.8
136	45	#C9C59B
138	45	#C9C69C
140	45	#C8C59B
142	45	#C3C198
144	45	#BBB592
146	45	#B3A489
148	45	#B28F82
150	45	#BB7E7F
152	45	#CB7480
154	45	#DC7285
156	45	#E77489
0	46	#C9C59C
2	46	#C9C59C
4	46	#CAC59C
6	46	#C9C59C
8	46	#C9C59C
10	46	#C9C59C
12	46	#C9C59C
14	46	#C9C59C
16	46	#C9C59C
18	46	#C9C59C
20	46	#C9C59C
22	46	#C9C59C
24	46	#C9C59C
26	46	#C9C59C
28	46	#C9C59B
30	46	2.8
32	46	2.8
34	46	2.8
36	46	2.8
38	46	2.8
40	46	2.8
42	46	2.8
44	46	2.8
46	46	2.8
48	46	2.8
50	46	2.8
52	46	2.8
54	46	2.8
56	46	2.8
58	46	2.8
60	46	2.8
62	46	2.8
64	46	2.8
66	46	2.8
68	46	2.8
70	46	2.8
72	46	2.8
74	46	2.8
76	46	2.8
78	46	2.8
80	46	2.8
82	46	2.8
84	46	2.8
86	46	2.8
88	46	2.8
90	46	2.8
92	46	2.8
94	46	2.8
96	46	2.8
98	46	2.8
100	46	2.8
102	46	2.8
104	46	2.8
106	46	2.8
108	46	2.8
110	46	2.8
112	46	2.8
114	46	2.8
116	46	2.8
118	46	2.8
120	46	2.8
122	46	2.8
124	46	2.8
126	46	2.8
128	46	#C9C59B
130	46	#C9C69C
132	46	#C8C69C
134	46	#C5C399
136	46	#BEBA94
138	46	#B5A98C
140	46	#B29584
142	46	#B8817F
144	46	#C6767F
146	46	#D67383
148	46	#E37387
150	46	#EA758A
152	46	#EB768B
154	46	#EA768A
156	46	3.3
0	47	2.8
2	47	2.8
4	47	2.8
6	47	2.8
8	47	2.8
10	47	2.8
12	47	2.8
14	47	2.8
16	47	2.8
18	47	2.8
20	47	2.8
22	47	2.8
24	47	2.8
26	47	2.8
28	47	2.8
30	47	2.8
32	47	2.8
34	47	2.8
36	47	2.8
38	47	2.8
40	47	2.8
42	47	2.8
44	47	2.8
46	47	2.8
48	47	2.8
50	47	2.8
52	47	2.8
54	47	2.8
56	47	2.8
58	47	2.8
60	47	2.8
62	47	2.8
64	47	2.8
66	47	2.8
68	47	2.8
70	47	2.8
72	47	2.8
74	47	2.8
76	47	2.8
78	47	2.8
80	47	2.8
82	47	2.8
84	47	2.8
86	47	2.8
88	47	2.8
90	47	2.8
92	47	2.8
94	47	2.8
96	47	2.8
98	47	2.8
100	47	2.8
102	47	2.8
104	47	2.8
106	47	2.8
108	47	2.8
110	47	2.8
112	47	2.8
114	47	2.8
116	47	2.8
118	47	2.8
120	47	#C9C59B
122	47	#C9C69C
124	47	#C8C59C
126	47	#C4C299
128	47	#BDB994
130	47	#B6AA8C
132	47	#B29784
134	47	#B68680
136	47	#C2797F
138	47	#D27382
140	47	#E17386
142	47	#E97589
144	47	#EB768B
146	47	#EA768A
148	47	3.3
150	47	3.3
152	47	3.3
154	47	3.3
156	47	3.3
0	48	2.8
2	48	2.8
4	48	2.8
6	48	2.8
8	48	2.8
10	48	2.8
12	48	2.8
14	48	2.8
16	48	2.8
18	48	2.8
20	48	2.8
22	48	2.8
24	48	2.8
26	48	2.8
28	48	2.8
30	48	2.8
32	48	2.8
34	48	2.8
36	48	2.8
38	48	2.8
40	48	2.8
42	48	2.8
44	48	2.8
46	48	2.8
48	48	2.8
50	48	2.8
52	48	2.8
54	48	2.8
56	48	2.8
58	48	2.8
60	48	2.8
62	48	2.8
64	48	2.8
66	48	2.8
68	48	2.8
70	48	2.8
72	48	2.8
74	48	2.8
76	48	2.8
78	48	2.8
80	48	2.8
82	48	2.8
84	48	2.8
86	48	2.8
88	48	2.8
90	48	2.8
92	48	2.8
94	48	2.8
96	48	2.8
98	48	2.8
100	48	2.8
102	48	2.8
104	48	2.8
106	48	2.8
108	48	2.8
110	48	2.8
112	48	#C9C59C
114	48	#C9C69C
116	48	#C8C59B
118	48	#C4C299
120	48	#BDB994
122	48	#B5AA8C
124	48	#B29785
126	48	#B6857F
128	48	#C2797E
130	48	#D17381
132	48	#DF7286
134	48	#E87489
136	48	#EA768A
138	48	#EA768B
140	48	3.3
142	48	3.3
144	48	3.3
146	48	3.3
148	48	3.3
150	48	3.3
152	48	3.3
154	48	3.3
156	48	3.3
0	49	2.8
2	49	2.8
4	49	2.8
6	49	2.8
8	49	2.8
10	49	2.8
12	49	2.8
14	49	2.8
16	49	2.8
18	49	2.8
20	49	2.8
22	49	2.8
24	49	2.8
26	49	2.8
28	49	2.8
30	49	2.8
32	49	2.8
34	49	2.8
36	49	2.8
38	49	2.8
40	49	2.8
42	49	2.8
44	49	2.8
46	49	2.8
48	49	2.8
50	49	2.8
52	49	2.8
54	49	2.8
56	49	2.8
58	49	2.8
60	49	2.8
62	49	2.8
64	49	2.8
66	49	2.8
68	49	2.8
70	49	2.8
72	49	2.8
74	49	2.8
76	49	2.8
78	49	2.8
80	49	2.8
82	49	2.8
84	49	2.8
86	49	2.8
88	49	2.8
90	49	2.8
92	49	2.8
94	49	2.8
96	49	2.8
98	49	2.8
100	49	2.8
102	49	#C9C59B
104	49	#C9C59C
106	49	#C9C69C
108	49	#C7C59B
110	49	#C2BF97
112	49	#BAB491
114	49	#B4A68B
116	49	#B29584
118	49	#B6857F
120	49	#C3797F
122	49	#D27382
124	49	#DF7386
126	49	#E87489
128	49	#EB768A
130	49	#EB768B
132	49	#EA768A
134	49	3.3
136	49	3.3
138	49	3.3
140	49	3.3
142	49	3.3
144	49	3.3
146	49	3.3
148	49	3.3
150	49	3.3
152	49	3.3
154	49	3.3
156	49	3.3
0	50	2.8
2	50	2.8
4	50	2.8
6	50	2.8
8	50	2.8
10	50	2.8
12	50	2.8
14	50	2.8
16	50	2.8
18	50	2.8
20	50	2.8
22	50	2.8
24	50	2.8
26	50	2.8
28	50	2.8
30	50	2.8
32	50	2.8
34	50	2.8
36	50	2.8
38	50	2.8
40	50	2.8
42	50	2.8
44	50	2.8
46	50	2.8
48	50	2.8
50	50	2.8
52	50	2.8
54	50	2.8
56	50	2.8
58	50	2.8
60	50	2.8
62	50	2.8
64	50	2.8
66	50	2.8
68	50	2.8
70	50	2.8
72	50	2.8
74	50	2.8
76	50	2.8
78	50	2.8
80	50	2.8
82	50	2.8
84	50	2.8
86	50	2.8
88	50	2.8
90	50	2.8
92	50	#C9C49B
94	50	#C9C59C
96	50	#C9C69C
98	50	#C8C59B
100	50	#C4C299
102	50	#BEBB95
104	50	#B7AE8E
106	50	#B39E87
108	50	#B38E82
110	50	#BA7F7F
112	50	#C7767F
114	50	#D57383
116	50	#E17386
118	50	#E87489
120	50	#EB768A
122	50	#EA768B
124	50	#EA768A
126	50	3.3
128	50	3.3
130	50	3.3
132	50	3.3
134	50	3.3
136	50	3.3
138	50	3.3
140	50	3.3
142	50	3.3
144	50	3.3
146	50	3.3
148	50	3.3
150	50	3.3
152	50	3.3
154	50	3.3
156	50	3.3
0	51	2.8
2	51	2.8
4	51	2.8
6	51	2.8
8	51	2.8
10	51	2.8
12	51	2.8
14	51	2.8
16	51	2.8
18	51	2.8
20	51	2.8
22	51	2.8
24	51	2.8
26	51	2.8
28	51	2.8
30	51	2.8
32	51	2.8
34	51	2.8
36	51	2.8
38	51	2.8
40	51	2.8
42	51	2.8
44	51	2.8
46	51	2.8
48	51	2.8
50	51	2.8
52	51	2.8
54	51	2.8
56	51	2.8
58	51	2.8
60	51	2.8
62	51	2.8
64	51	2.8
66	51	2.8
68	51	2.8
70	51	2.8
72	51	2.8
74	51	2.8
76	51	2.8
78	51	2.8
80	51	2.8
82	51	#C9C59B
84	51	#C9C59C
86	51	#C9C69C
88	51	#C7C59B
90	51	#C4C299
92	51	#BFBC95
94	51	#B9B190
96	51	#B4A389
98	51	#B29483
100	51	#B6857F
102	51	#C17A7F
104	51	#CE7481
106	51	#DB7284
108	51	#E47388
110	51	#E9758A
112	51	#EB768B
114	51	#EA768A
116	51	3.3
118	51	3.3
120	51	3.3
122	51	3.3
124	51	3.3
126	51	3.3
128	51	3.3
130	51	3.3
132	51	3.3
134	51	3.3
136	51	3.3
138	51	3.3
140	51	3.3
142	51	3.3
144	51	3.3
146	51	3.3
148	51	3.3
150	51	3.3
152	51	3.3
154	51	3.3
156	51	3.3
0	52	2.8
2	52	2.8
4	52	2.8
6	52	2.8
8	52	2.8
10	52	2.8
12	52	2.8
14	52	2.8
16	52	2.8
18	52	2.8
20	52	2.8
22	52	2.8
24	52	2.8
26	52	2.8
28	52	2.8
30	52	2.8
32	52	2.8
34	52	2.8
36	52	2.8
38	52	2.8
40	52	2.8
42	52	2.8
44	52	2.8
46	52	2.8
48	52	2.8
50	52	2.8
52	52	2.8
54	52	2.8
56	52	2.8
58	52	2.8
60	52	2.8
62	52	2.8
64	52	2.8
66	52	2.8
68	52	2.8
70	52	#C9C59B
72	52	#C9C59C
74	52	#C9C69C
76	52	#C8C69C
78	52	#C6C49B
80	52	#C3C198
82	52	#BDB994
84	52	#B7AE8E
86	52	#B4A189
88	52	#B39383
90	52	#B68580
92	52	#BF7B7F
94	52	#CB7480
96	52	#D77383
98	52	#E17387
100	52	#E87489
102	52	#EA758A
104	52	#EB768B
106	52	#EA768A
108	52	3.3
110	52	3.3
112	52	3.3
114	52	3.3
116	52	3.3
118	52	3.3
120	52	3.3
122	52	3.3
124	52	3.3
126	52	3.3
128	52	3.3
130	52	3.3
132	52	3.3
134	52	3.3
136	52	3.3
138	52	3.3
140	52	3.3
142	52	3.3
144	52	3.3
146	52	3.3
148	52	3.3
150	52	3.3
152	52	3.3
154	52	3.3
156	52	3.3
0	53	2.8
2	53	2.8
4	53	2.8
6	53	2.8
8	53	2.8
10	53	2.8
12	53	2.8
14	53	2.8
16	53	2.8
18	53	2.8
20	53	2.8
22	53	2.8
24	53	2.8
26	53	2.8
28	53	2.8
30	53	2.8
32	53	2.8
34	53	2.8
36	53	2.8
38	53	2.8
40	53	2.8
42	53	2.8
44	53	2.8
46	53	2.8
48	53	2.8
50	53	2.8
52	53	2.8
54	53	#C9C59B
56	53	#C9C59C
58	53	#C9C59C
60	53	#C9C69C
62	53	#C8C69C
64	53	#C7C59B
66	53	#C5C39A
68	53	#C2BF97
70	53	#BDB994
72	53	#B8B18F
74	53	#B4A58A
76	53	#B29985
78	53	#B48D82
80	53	#B9827F
82	53	#C3797F
84	53	#CE7481
86	53	#D97384
88	53	#E27387
90	53	#E87489
92	53	#EA758A
94	53	#EB768B
96	53	#EA768A
98	53	3.3
100	53	3.3
102	53	3.3
104	53	3.3
106	53	3.3
108	53	3.3
110	53	3.3
112	53	3.3
114	53	3.3
116	53	3.3
118	53	3.3
120	53	3.3
122	53	3.3
124	53	3.3
126	53	3.3
128	53	3.3
130	53	3.3
132	53	3.3
134	53	3.3
136	53	3.3
138	53	3.3
140	53	3.3
142	53	3.3
144	53	3.3
146	53	3.3
148	53	3.3
150	53	3.3
152	53	3.3
154	53	3.3
156	53	3.3
0	54	#C9C59C
2	54	#C9C59C
4	54	#C9C59B
6	54	#C9C49B
8	54	2.8
10	54	2.8
12	54	2.8
14	54	2.8
16	54	2.8
18	54	2.8
20	54	2.8
22	54	2.8
24	54	2.8
26	54	2.8
28	54	2.8
30	54	2.8
32	54	#C9C59B
34	54	#C9C59B
36	54	#C9C59C
38	54	#C9C59C
40	54	#C9C69C
42	54	#C9C69C
44	54	#C8C69C
46	54	#C8C69C
48	54	#C7C59B
50	54	#C5C39A
52	54	#C2C098
54	54	#BFBC95
56	54	#BBB692
58	54	#B7AD8D
60	54	#B4A58A
62	54	#B39C87
64	54	#B39283
66	54	#B68780
68	54	#BB7F7F
70	54	#C3787F
72	54	#CC7480
74	54	#D67283
76	54	#DF7386
78	54	#E57488
80	54	#E97589
82	54	#EB768A
84	54	#EB768B
86	54	#EA768A
88	54	3.3
90	54	3.3
92	54	3.3
94	54	3.3
96	54	3.3
98	54	3.3
100	54	3.3
102	54	3.3
104	54	3.3
106	54	3.3
108	54	3.3
110	54	3.3
112	54	3.3
114	54	3.3
116	54	3.3
118	54	3.3
120	54	3.3
122	54	3.3
124	54	3.3
126	54	3.3
128	54	3.3
130	54	3.3
132	54	3.3
134	54	3.3
136	54	3.3
138	54	3.3
140	54	3.3
142	54	3.3
144	54	3.3
146	54	3.3
148	54	3.3
150	54	3.3
152	54	3.3
154	54	3.3
156	54	3.3
0	55	#B8B190
2	55	#BAB390
4	55	#BDB994
6	55	#BFBC96
8	55	#C0BD96
10	55	#C1BF97
12	55	#C2C098
14	55	#C3C199
16	55	#C3C198
18	55	#C3C198
20	55	#C3C198
22	55	#C3C199
24	55	#C3C199
26	55	#C2C098
28	55	#C0BD95
30	55	#C0BD96
32	55	#BDBA94
34	55	#BCB894
36	55	#BAB391
38	55	#B7AE8D
40	55	#B6AB8D
42	55	#B4A48A
44	55	#B49D88
46	55	#B39584
48	55	#B38E81
50	55	#B68780
52	55	#BB8180
54	55	#C07C80
56	55	#C77780
58	55	#CF7481
60	55	#D67283
62	55	#DD7285
64	55	#E37387
66	55	#E77489
68	55	#EA758A
70	55	#EB768A
72	55	#EB768B
74	55	#EA768A
76	55	#EA768A
78	55	3.3
80	55	3.3
82	55	3.3
84	55	3.3
86	55	3.3
88	55	3.3
90	55	3.3
92	55	3.3
94	55	3.3
96	55	3.3
98	55	3.3
100	55	3.3
102	55	3.3
104	55	3.3
106	55	3.3
108	55	3.3
110	55	3.3
112	55	3.3
114	55	3.3
116	55	3.3
118	55	3.3
120	55	3.3
122	55	3.3
124	55	3.3
126	55	3.3
128	55	3.3
130	55	3.3
132	55	3.3
134	55	3.3
136	55	3.3
138	55	3.3
140	55	3.3
142	55	3.3
144	55	3.3
146	55	3.3
148	55	3.3
150	55	3.3
152	55	3.3
154	55	3.3
156	55	3.3
0	56	#CD7783
2	56	#C8747E
4	56	#C57880
6	56	#C07D81
8	56	#BC797B
10	56	#BC8181
12	56	#BB8281
14	56	#B97F7D
16	56	#B67C78
18	56	#B67C78
20	56	#B67C78
22	56	#BA8180
24	56	#BB8180
26	56	#BB8282
28	56	#BB7879
30	56	#C07D81
32	56	#C17A7F
34	56	#C67982
36	56	#CA747F
38	56	#CD7480
40	56	#D37483
42	56	#D87384
44	56	#DD7385
46	56	#E07285
48	56	#E47387
50	56	#E77489
52	56	#E9758A
54	56	#EA758A
56	56	#EB768A
58	56	#EB768B
60	56	#EA768B
62	56	#EA768A
64	56	3.3
66	56	3.3
68	56	3.3
70	56	3.3
72	56	3.3
74	56	3.3
76	56	3.3
78	56	3.3
80	56	3.3
82	56	3.3
84	56	3.3
86	56	3.3
88	56	3.3
90	56	3.3
92	56	3.3
94	56	3.3
96	56	3.3
98	56	3.3
100	56	3.3
102	56	3.3
104	56	3.3
106	56	3.3
108	56	3.3
110	56	3.3
112	56	3.3
114	56	3.3
116	56	3.3
118	56	3.3
120	56	3.3
122	56	3.3
124	56	3.3
126	56	3.3
128	56	3.3
130	56	3.3
132	56	3.3
134	56	3.3
136	56	3.3
138	56	3.3
140	56	3.3
142	56	3.3
144	56	3.3
146	56	3.3
148	56	3.3
150	56	3.3
152	56	3.3
154	56	3.3
156	56	#EA768A
0	57	#EB768A
2	57	#EB768B
4	57	#EB768A
6	57	#EA758A
8	57	#EA758A
10	57	#EA758A
12	57	#E9758A
14	57	#E97489
16	57	#E97489
18	57	#E97489
20	57	#E97489
22	57	#E97489
24	57	#E97489
26	57	#E9758A
28	57	#EA758A
30	57	#EA758A
32	57	#EB768A
34	57	#EB768A
36	57	#EB768B
38	57	#EB768B
40	57	#EA768A
42	57	#EA768A
44	57	#EA768A
46	57	3.3
48	57	3.3
50	57	3.3
52	57	3.3
54	57	3.3
56	57	3.3
58	57	3.3
60	57	3.3
62	57	3.3
64	57	3.3
66	57	3.3
68	57	3.3
70	57	3.3
72	57	3.3
74	57	3.3
76	57	3.3
78	57	3.3
80	57	3.3
82	57	3.3
84	57	3.3
86	57	3.3
88	57	3.3
90	57	3.3
92	57	3.3
94	57	3.3
96	57	3.3
98	57	3.3
100	57	3.3
102	57	3.3
104	57	3.3
106	57	3.3
108	57	3.3
110	57	3.3
112	57	3.3
114	57	3.3
116	57	3.3
118	57	3.3
120	57	3.3
122	57	3.3
124	57	3.3
126	57	3.3
128	57	3.3
130	57	3.3
132	57	3.3
134	57	3.3
136	57	3.3
138	57	3.3
140	57	3.3
142	57	3.3
144	57	3.3
146	57	3.3
148	57	3.3
150	57	3.3
152	57	#EA768A
154	57	#EA758B
156	57	#DF7286
0	58	3.3
2	58	3.3
4	58	3.3
6	58	3.3
8	58	3.3
10	58	3.3
12	58	3.3
14	58	3.3
16	58	3.3
18	58	3.3
20	58	3.3
22	58	3.3
24	58	3.3
26	58	3.3
28	58	3.3
30	58	3.3
32	58	3.3
34	58	3.3
36	58	3.3
38	58	3.3
40	58	3.3
42	58	3.3
44	58	3.3
46	58	3.3
48	58	3.3
50	58	3.3
52	58	3.3
54	58	3.3
56	58	3.3
58	58	3.3
60	58	3.3
62	58	3.3
64	58	3.3
66	58	3.3
68	58	3.3
70	58	3.3
72	58	3.3
74	58	3.3
76	58	3.3
78	58	3.3
80	58	3.3
82	58	3.3
84	58	3.3
86	58	3.3
88	58	3.3
90	58	3.3
92	58	3.3
94	58	3.3
96	58	3.3
98	58	3.3
100	58	3.3
102	58	3.3
104	58	3.3
106	58	3.3
108	58	3.3
110	58	3.3
112	58	3.3
114	58	3.3
116	58	3.3
118	58	3.3
120	58	3.3
122	58	3.3
124	58	3.3
126	58	3.3
128	58	3.3
130	58	3.3
132	58	3.3
134	58	3.3
136	58	3.3
138	58	3.3
140	58	3.3
142	58	3.3
144	58	3.3
146	58	3.3
148	58	#EB768B
150	58	#E8748A
152	58	#D97383
154	58	#C38277
156	58	#C0A970
0	59	3.3
2	59	3.3
4	59	3.3
6	59	3.3
8	59	3.3
10	59	3.3
12	59	3.3
14	59	3.3
16	59	3.3
18	59	3.3
20	59	3.3
22	59	3.3
24	59	3.3
26	59	3.3
28	59	3.3
30	59	3.3
32	59	3.3
34	59	3.3
36	59	3.3
38	59	3.3
40	59	3.3
42	59	3.3
44	59	3.3
46	59	3.3
48	59	3.3
50	59	3.3
52	59	3.3
54	59	3.3
56	59	3.3
58	59	3.3
60	59	3.3
62	59	3.3
64	59	3.3
66	59	3.3
68	59	3.3
70	59	3.3
72	59	3.3
74	59	3.3
76	59	3.3
78	59	3.3
80	59	3.3
82	59	3.3
84	59	3.3
86	59	3.3
88	59	3.3
90	59	3.3
92	59	3.3
94	59	3.3
96	59	3.3
98	59	3.3
100	59	3.3
102	59	3.3
104	59	3.3
106	59	3.3
108	59	3.3
110	59	3.3
112	59	3.3
114	59	3.3
116	59	3.3
118	59	3.3
120	59	3.3
122	59	3.3
124	59	3.3
126	59	3.3
128	59	3.3
130	59	3.3
132	59	3.3
134	59	3.3
136	59	3.3
138	59	3.3
140	59	3.3
142	59	#EA768A
144	59	#EA758B
146	59	#E27288
148	59	#CF767F
150	59	#BF8E74
152	59	#C5B96F
154	59	#D9DE73
156	59	#E4EB76
0	60	3.3
2	60	3.3
4	60	3.3
6	60	3.3
8	60	3.3
10	60	3.3
12	60	3.3
14	60	3.3
16	60	3.3
18	60	3.3
20	60	3.3
22	60	3.3
24	60	3.3
26	60	3.3
28	60	3.3
30	60	3.3
32	60	3.3
34	60	3.3
36	60	3.3
38	60	3.3
40	60	3.3
42	60	3.3
44	60	3.3
46	60	3.3
48	60	3.3
50	60	3.3
52	60	3.3
54	60	3.3
56	60	3.3
58	60	3.3
60	60	3.3
62	60	3.3
64	60	3.3
66	60	3.3
68	60	3.3
70	60	3.3
72	60	3.3
74	60	3.3
76	60	3.3
78	60	3.3
80	60	3.3
82	60	3.3
84	60	3.3
86	60	3.3
88	60	3.3
90	60	3.3
92	60	3.3
94	60	3.3
96	60	3.3
98	60	3.3
100	60	3.3
102	60	3.3
104	60	3.3
106	60	3.3
108	60	3.3
110	60	3.3
112	60	3.3
114	60	3.3
116	60	3.3
118	60	3.3
120	60	3.3
122	60	3.3
124	60	3.3
126	60	3.3
128	60	3.3
130	60	3.3
132	60	3.3
134	60	3.3
136	60	#EA768A
138	60	#EB768B
140	60	#E7748A
142	60	#D97383
144	60	#C57E77
146	60	#BFA16F
148	60	#CDCB71
150	60	#DEE574
152	60	#E5EB76
154	60	#E5EA76
156	60	4.1
0	61	3.3
2	61	3.3
4	61	3.3
6	61	3.3
8	61	3.3
10	61	3.3
12	61	3.3
14	61	3.3
16	61	3.3
18	61	3.3
20	61	3.3
22	61	3.3
24	61	3.3
26	61	3.3
28	61	3.3
30	61	3.3
32	61	3.3
34	61	3.3
36	61	3.3
38	61	3.3
40	61	3.3
42	61	3.3
44	61	3.3
46	61	3.3
48	61	3.3
50	61	3.3
52	61	3.3
54	61	3.3
56	61	3.3
58	61	3.3
60	61	3.3
62	61	3.3
64	61	3.3
66	61	3.3
68	61	3.3
70	61	3.3
72	61	3.3
74	61	3.3
76	61	3.3
78	61	3.3
80	61	3.3
82	61	3.3
84	61	3.3
86	61	3.3
88	61	3.3
90	61	3.3
92	61	3.3
94	61	3.3
96	61	3.3
98	61	3.3
100	61	3.3
102	61	3.3
104	61	3.3
106	61	3.3
108	61	3.3
110	61	3.3
112	61	3.3
114	61	3.3
116	61	3.3
118	61	3.3
120	61	3.3
122	61	3.3
124	61	3.3
126	61	3.3
128	61	3.3
130	61	#EA768A
132	61	#EB768B
134	61	#E8748A
136	61	#DD7285
138	61	#CB797B
140	61	#BF9372
142	61	#C5B96F
144	61	#D7DB72
146	61	#E3EA76
148	61	#E5EB76
150	61	4.1
152	61	4.1
154	61	4.1
156	61	4.1
0	62	3.3
2	62	3.3
4	62	3.3
6	62	3.3
8	62	3.3
10	62	3.3
12	62	3.3
14	62	3.3
16	62	3.3
18	62	3.3
20	62	3.3
22	62	3.3
24	62	3.3
26	62	3.3
28	62	3.3
30	62	3.3
32	62	3.3
34	62	3.3
36	62	3.3
38	62	3.3
40	62	3.3
42	62	3.3
44	62	3.3
46	62	3.3
48	62	3.3
50	62	3.3
52	62	3.3
54	62	3.3
56	62	3.3
58	62	3.3
60	62	3.3
62	62	3.3
64	62	3.3
66	62	3.3
68	62	3.3
70	62	3.3
72	62	3.3
74	62	3.3
76	62	3.3
78	62	3.3
80	62	3.3
82	62	3.3
84	62	3.3
86	62	3.3
88	62	3.3
90	62	3.3
92	62	3.3
94	62	3.3
96	62	3.3
98	62	3.3
100	62	3.3
102	62	3.3
104	62	3.3
106	62	3.3
108	62	3.3
110	62	3.3
112	62	3.3
114	62	3.3
116	62	3.3
118	62	3.3
120	62	3.3
122	62	3.3
124	62	#EA768A
126	62	#EB768B
128	62	#E9748A
130	62	#DE7286
132	62	#CD787E
134	62	#C08C75
136	62	#C2AE6F
138	62	#D1D271
140	62	#E0E775
142	62	#E5EB76
144	62	#E5EA76
146	62	4.1
148	62	4.1
150	62	4.1
152	62	4.1
154	62	4.1
156	62	4.1
0	63	3.3
2	63	3.3
4	63	3.3
6	63	3.3
8	63	3.3
10	63	3.3
12	63	3.3
14	63	3.3
16	63	3.3
18	63	3.3
20	63	3.3
22	63	3.3
24	63	3.3
26	63	3.3
28	63	3.3
30	63	3.3
32	63	3.3
34	63	3.3
36	63	3.3
38	63	3.3
40	63	3.3
42	63	3.3
44	63	3.3
46	63	3.3
48	63	3.3
50	63	3.3
52	63	3.3
54	63	3.3
56	63	3.3
58	63	3.3
60	63	3.3
62	63	3.3
64	63	3.3
66	63	3.3
68	63	3.3
70	63	3.3
72	63	3.3
74	63	3.3
76	63	3.3
78	63	3.3
80	63	3.3
82	63	3.3
84	63	3.3
86	63	3.3
88	63	3.3
90	63	3.3
92	63	3.3
94	63	3.3
96	63	3.3
98	63	3.3
100	63	3.3
102	63	3.3
104	63	3.3
106	63	3.3
108	63	3.3
110	63	3.3
112	63	3.3
114	63	3.3
116	63	3.3
118	63	#EA768B
120	63	#EA758B
122	63	#E7748A
124	63	#DC7285
126	63	#CC787D
128	63	#C08A74
130	63	#C1AC6F
132	63	#CFCF71
134	63	#DEE574
136	63	#E5EB76
138	63	#E5EA76
140	63	4.1
142	63	4.1
144	63	4.1
146	63	4.1
148	63	4.1
150	63	4.1
152	63	4.1
154	63	4.1
156	63	4.1
0	64	3.3
2	64	3.3
4	64	3.3
6	64	3.3
8	64	3.3
10	64	3.3
12	64	3.3
14	64	3.3
16	64	3.3
18	64	3.3
20	64	3.3
22	64	3.3
24	64	3.3
26	64	3.3
28	64	3.3
30	64	3.3
32	64	3.3
34	64	3.3
36	64	3.3
38	64	3.3
40	64	3.3
42	64	3.3
44	64	3.3
46	64	3.3
48	64	3.3
50	64	3.3
52	64	3.3
54	64	3.3
56	64	3.3
58	64	3.3
60	64	3.3
62	64	3.3
64	64	3.3
66	64	3.3
68	64	3.3
70	64	3.3
72	64	3.3
74	64	3.3
76	64	3.3
78	64	3.3
80	64	3.3
82	64	3.3
84	64	3.3
86	64	3.3
88	64	3.3
90	64	3.3
92	64	3.3
94	64	3.3
96	64	3.3
98	64	3.3
100	64	3.3
102	64	3.3
104	64	3.3
106	64	3.3
108	64	3.3
110	64	#EA768A
112	64	#EB768B
114	64	#E9758A
116	64	#E37388
118	64	#D67382
120	64	#C87C7A
122	64	#BF9172
124	64	#C3B26F
126	64	#D0D071
128	64	#DEE474
130	64	#E5EB76
132	64	#E5EB76
134	64	4.1
136	64	4.1
138	64	4.1
140	64	4.1
142	64	4.1
144	64	4.1
146	64	4.1
148	64	4.1
150	64	4.1
152	64	4.1
154	64	4.1
156	64	4.1
0	65	3.3
2	65	3.3
4	65	3.3
6	65	3.3
8	65	3.3
10	65	3.3
12	65	3.3
14	65	3.3
16	65	3.3
18	65	3.3
20	65	3.3
22	65	3.3
24	65	3.3
26	65	3.3
28	65	3.3
30	65	3.3
32	65	3.3
34	65	3.3
36	65	3.3
38	65	3.3
40	65	3.3
42	65	3.3
44	65	3.3
46	65	3.3
48	65	3.3
50	65	3.3
52	65	3.3
54	65	3.3
56	65	3.3
58	65	3.3
60	65	3.3
62	65	3.3
64	65	3.3
66	65	3.3
68	65	3.3
70	65	3.3
72	65	3.3
74	65	3.3
76	65	3.3
78	65	3.3
80	65	3.3
82	65	3.3
84	65	3.3
86	65	3.3
88	65	3.3
90	65	3.3
92	65	3.3
94	65	3.3
96	65	3.3
98	65	3.3
100	65	3.3
102	65	#EA768A
104	65	#EB768B
106	65	#E9758A
108	65	#E57389
110	65	#DA7284
112	65	#CD787D
114	65	#C28676
116	65	#BFA070
118	65	#C7BE6F
120	65	#D4D872
122	65	#E0E775
124	65	#E5EB76
126	65	#E5EB76
128	65	4.1
130	65	4.1
132	65	4.1
134	65	4.1
136	65	4.1
138	65	4.1
140	65	4.1
142	65	4.1
144	65	4.1
146	65	4.1
148	65	4.1
150	65	4.1
152	65	4.1
154	65	4.1
156	65	4.1
0	66	3.3
2	66	3.3
4	66	3.3
6	66	3.3
8	66	3.3
10	66	3.3
12	66	3.3
14	66	3.3
16	66	3.3
18	66	3.3
20	66	3.3
22	66	3.3
24	66	3.3
26	66	3.3
28	66	3.3
30	66	3.3
32	66	3.3
34	66	3.3
36	66	3.3
38	66	3.3
40	66	3.3
42	66	3.3
44	66	3.3
46	66	3.3
48	66	3.3
50	66	3.3
52	66	3.3
54	66	3.3
56	66	3.3
58	66	3.3
60	66	3.3
62	66	3.3
64	66	3.3
66	66	3.3
68	66	3.3
70	66	3.3
72	66	3.3
74	66	3.3
76	66	3.3
78	66	3.3
80	66	3.3
82	66	3.3
84	66	3.3
86	66	3.3
88	66	3.3
90	66	3.3
92	66	#EA768A
94	66	#EB768B
96	66	#EA758B
98	66	#E8748A
100	66	#E27388
102	66	#D87383
104	66	#CC787D
106	66	#C28576
108	66	#BF9B71
110	66	#C4B770
112	66	#CFCF71
114	66	#DBE173
116	66	#E3EA75
118	66	#E5EB76
120	66	#E5EA76
122	66	4.1
124	66	4.1
126	66	4.1
128	66	4.1
130	66	4.1
132	66	4.1
134	66	4.1
136	66	4.1
138	66	4.1
140	66	4.1
142	66	4.1
144	66	4.1
146	66	4.1
148	66	4.1
150	66	4.1
152	66	4.1
154	66	4.1
156	66	4.1
0	67	3.3
2	67	3.3
4	67	3.3
6	67	3.3
8	67	3.3
10	67	3.3
12	67	3.3
14	67	3.3
16	67	3.3
18	67	3.3
20	67	3.3
22	67	3.3
24	67	3.3
26	67	3.3
28	67	3.3
30	67	3.3
32	67	3.3
34	67	3.3
36	67	3.3
38	67	3.3
40	67	3.3
42	67	3.3
44	67	3.3
46	67	3.3
48	67	3.3
50	67	3.3
52	67	3.3
54	67	3.3
56	67	3.3
58	67	3.3
60	67	3.3
62	67	3.3
64	67	3.3
66	67	3.3
68	67	3.3
70	67	3.3
72	67	3.3
74	67	3.3
76	67	3.3
78	67	3.3
80	67	#EA768A
82	67	#EA768B
84	67	#EB768B
86	67	#EA758B
88	67	#E7748A
90	67	#E27287
92	67	#DA7384
94	67	#D0767E
96	67	#C67F79
98	67	#C08D74
100	67	#C0A371
102	67	#C6BC70
104	67	#D0D171
106	67	#DBE173
108	67	#E2E975
110	67	#E5EB76
112	67	#E5EB76
114	67	4.1
116	67	4.1
118	67	4.1
120	67	4.1
122	67	4.1
124	67	4.1
126	67	4.1
128	67	4.1
130	67	4.1
132	67	4.1
134	67	4.1
136	67	4.1
138	67	4.1
140	67	4.1
142	67	4.1
144	67	4.1
146	67	4.1
148	67	4.1
150	67	4.1
152	67	4.1
154	67	4.1
156	67	4.1
0	68	#EB768B
2	68	#EA768B
4	68	#EA768A
6	68	#EA768A
8	68	#EA768A
10	68	3.3
12	68	3.3
14	68	3.3
16	68	3.3
18	68	3.3
20	68	3.3
22	68	3.3
24	68	3.3
26	68	3.3
28	68	3.3
30	68	3.3
32	68	3.3
34	68	3.3
36	68	3.3
38	68	3.3
40	68	3.3
42	68	3.3
44	68	3.3
46	68	3.3
48	68	3.3
50	68	3.3
52	68	3.3
54	68	3.3
56	68	3.3
58	68	3.3
60	68	3.3
62	68	#EA768A
64	68	#EA768A
66	68	#EA768B
68	68	#EB768B
70	68	#EA758B
72	68	#EA758A
74	68	#E8748A
76	68	#E57389
78	68	#E07287
80	68	#DA7283
82	68	#D27580
84	68	#CA7A7B
86	68	#C38476
88	68	#BF9272
90	68	#C0A370
92	68	#C5B86F
94	68	#CDCC70
96	68	#D7DB72
98	68	#DFE574
100	68	#E4EA76
102	68	#E5EB76
104	68	#E5EB76
106	68	4.1
108	68	4.1
110	68	4.1
112	68	4.1
114	68	4.1
116	68	4.1
118	68	4.1
120	68	4.1
122	68	4.1
124	68	4.1
126	68	4.1
128	68	4.1
130	68	4.1
132	68	4.1
134	68	4.1
136	68	4.1
138	68	4.1
140	68	4.1
142	68	4.1
144	68	4.1
146	68	4.1
148	68	4.1
150	68	4.1
152	68	4.1
154	68	4.1
156	68	4.1
0	69	#CD7A7E
2	69	#D27681
4	69	#D67483
6	69	#DB7284
8	69	#DE7185
10	69	#E27387
12	69	#E47389
14	69	#E67389
16	69	#E8748A
18	69	#E8748A
20	69	#E9748B
22	69	#E9748A
24	69	#EA758B
26	69	#EA758B
28	69	#EA758B
30	69	#EA758B
32	69	#EA758B
34	69	#EA758B
36	69	#EA758B
38	69	#EA758B
40	69	#EA758B
42	69	#EA758B
44	69	#EA758B
46	69	#E9758A
48	69	#E9748B
50	69	#E9748A
52	69	#E8748A
54	69	#E67389
56	69	#E57389
58	69	#E37287
60	69	#E07287
62	69	#DC7385
64	69	#D77484
66	69	#D37681
68	69	#CD797E
70	69	#C87E7A
72	69	#C38577
74	69	#C08D74
76	69	#BF9971
78	69	#C1A970
80	69	#C5B870
82	69	#CBC770
84	69	#D3D571
86	69	#DAE073
88	69	#E0E775
90	69	#E4EA76
92	69	#E5EB76
94	69	#E5EB76
96	69	#E5EA76
98	69	4.1
100	69	4.1
102	69	4.1
104	69	4.1
106	69	4.1
108	69	4.1
110	69	4.1
112	69	4.1
114	69	4.1
116	69	4.1
118	69	4.1
120	69	4.1
122	69	4.1
124	69	4.1
126	69	4.1
128	69	4.1
130	69	4.1
132	69	4.1
134	69	4.1
136	69	4.1
138	69	4.1
140	69	4.1
142	69	4.1
144	69	4.1
146	69	4.1
148	69	4.1
150	69	4.1
152	69	4.1
154	69	4.1
156	69	4.1
0	70	#D1D272
2	70	#CDCA71
4	70	#C9C172
6	70	#C5B771
8	70	#C2AC6E
10	70	#C0A56E
12	70	#C0A073
14	70	#C09674
16	70	#C08F70
18	70	#C28D77
20	70	#C28973
22	70	#C48579
24	70	#C5867A
26	70	#C57F74
28	70	#C67D76
30	70	#C87E7B
32	70	#C87F7C
34	70	#C87F7C
36	70	#C87F7C
38	70	#C87F7C
40	70	#C77E7B
42	70	#C57C71
44	70	#C5867A
46	70	#C48579
48	70	#C18671
50	70	#C28D77
52	70	#BF8C70
54	70	#C09675
56	70	#BF9D70
58	70	#C0A070
60	70	#C2AB72
62	70	#C4B571
64	70	#C7BF70
66	70	#CBC76F
68	70	#D0D070
70	70	#D5D972
72	70	#DBE073
74	70	#DFE675
76	70	#E2E975
78	70	#E4EB76
80	70	#E5EB76
82	70	#E6EB76
84	70	#E5EA76
86	70	#E4EA76
88	70	4.1
90	70	4.1
92	70	4.1
94	70	4.1
96	70	4.1
98	70	4.1
100	70	4.1
102	70	4.1
104	70	4.1
106	70	4.1
108	70	4.1
110	70	4.1
112	70	4.1
114	70	4.1
116	70	4.1
118	70	4.1
120	70	4.1
122	70	4.1
124	70	4.1
126	70	4.1
128	70	4.1
130	70	4.1
132	70	4.1
134	70	4.1
136	70	4.1
138	70	4.1
140	70	4.1
142	70	4.1
144	70	4.1
146	70	4.1
148	70	4.1
150	70	4.1
152	70	4.1
154	70	4.1
156	70	4.1
0	71	#E5EA76
2	71	#E5EB76
4	71	#E5EB76
6	71	#E5EB76
8	71	#E5EB76
10	71	#E4EB76
12	71	#E3EA75
14	71	#E2E976
16	71	#E0E774
18	71	#DEE575
20	71	#DDE373
22	71	#DCE175
24	71	#DAE073
26	71	#D8DD71
28	71	#D8DC72
30	71	#D7DB74
32	71	#D6DA73
34	71	#D6DA73
36	71	#D6DA73
38	71	#D6DA73
40	71	#D7DC74
42	71	#D8DC70
44	71	#D9DF73
46	71	#DBE175
48	71	#DCE272
50	71	#DEE574
52	71	#DFE674
54	71	#E1E875
56	71	#E2E975
58	71	#E4EB76
60	71	#E4EB76
62	71	#E5EB76
64	71	#E5EB76
66	71	#E6EB76
68	71	#E5EB76
70	71	#E5EA76
72	71	4.1
74	71	4.1
76	71	4.1
78	71	4.1
80	71	4.1
82	71	4.1
84	71	4.1
86	71	4.1
88	71	4.1
90	71	4.1
92	71	4.1
94	71	4.1
96	71	4.1
98	71	4.1
100	71	4.1
102	71	4.1
104	71	4.1
106	71	4.1
108	71	4.1
110	71	4.1
112	71	4.1
114	71	4.1
116	71	4.1
118	71	4.1
120	71	4.1
122	71	4.1
124	71	4.1
126	71	4.1
128	71	4.1
130	71	4.1
132	71	4.1
134	71	4.1
136	71	4.1
138	71	4.1
140	71	4.1
142	71	4.1
144	71	4.1
146	71	4.1
148	71	4.1
150	71	4.1
152	71	4.1
154	71	4.1
156	71	4.1
0	72	4.1
2	72	4.1
4	72	4.1
6	72	4.1
8	72	4.1
10	72	4.1
12	72	4.1
14	72	4.1
16	72	4.1
18	72	4.1
20	72	4.1
22	72	4.1
24	72	#E5EA76
26	72	#E5EA76
28	72	#E5EA76
30	72	#E5EA76
32	72	#E5EA76
34	72	#E5EA76
36	72	#E5EA76
38	72	#E5EA76
40	72	#E5EA76
42	72	#E5EA76
44	72	#E5EA76
46	72	4.1
48	72	4.1
50	72	4.1
52	72	4.1
54	72	4.1
56	72	4.1
58	72	4.1
60	72	4.1
62	72	4.1
64	72	4.1
66	72	4.1
68	72	4.1
70	72	4.1
72	72	4.1
74	72	4.1
76	72	4.1
78	72	4.1
80	72	4.1
82	72	4.1
84	72	4.1
86	72	4.1
88	72	4.1
90	72	4.1
92	72	4.1
94	72	4.1
96	72	4.1
98	72	4.1
100	72	4.1
102	72	4.1
104	72	4.1
106	72	4.1
108	72	4.1
110	72	4.1
112	72	4.1
114	72	4.1
116	72	4.1
118	72	4.1
120	72	4.1
122	72	4.1
124	72	4.1
126	72	4.1
128	72	4.1
130	72	4.1
132	72	4.1
134	72	4.1
136	72	4.1
138	72	4.1
140	72	4.1
142	72	4.1
144	72	4.1
146	72	4.1
148	72	4.1
150	72	4.1
152	72	4.1
154	72	4.1
156	72	4.1
0	73	4.1
2	73	4.1
4	73	4.1
6	73	4.1
8	73	4.1
10	73	4.1
12	73	4.1
14	73	4.1
16	73	4.1
18	73	4.1
20	73	4.1
22	73	4.1
24	73	4.1
26	73	4.1
28	73	4.1
30	73	4.1
32	73	4.1
34	73	4.1
36	73	4.1
38	73	4.1
40	73	4.1
42	73	4.1
44	73	4.1
46	73	4.1
48	73	4.1
50	73	4.1
52	73	4.1
54	73	4.1
56	73	4.1
58	73	4.1
60	73	4.1
62	73	4.1
64	73	4.1
66	73	4.1
68	73	4.1
70	73	4.1
72	73	4.1
74	73	4.1
76	73	4.1
78	73	4.1
80	73	4.1
82	73	4.1
84	73	4.1
86	73	4.1
88	73	4.1
90	73	4.1
92	73	4.1
94	73	4.1
96	73	4.1
98	73	4.1
100	73	4.1
102	73	4.1
104	73	4.1
106	73	4.1
108	73	4.1
110	73	4.1
112	73	4.1
114	73	4.1
116	73	4.1
118	73	4.1
120	73	4.1
122	73	4.1
124	73	4.1
126	73	4.1
128	73	4.1
130	73	4.1
132	73	4.1
134	73	4.1
136	73	4.1
138	73	4.1
140	73	4.1
142	73	4.1
144	73	4.1
146	73	4.1
148	73	4.1
150	73	4.1
152	73	4.1
154	73	4.1
156	73	4.1
0	74	4.1
2	74	4.1
4	74	4.1
6	74	4.1
8	74	4.1
10	74	4.1
12	74	4.1
14	74	4.1
16	74	4.1
18	74	4.1
20	74	4.1
22	74	4.1
24	74	4.1
26	74	4.1
28	74	4.1
30	74	4.1
32	74	4.1
34	74	4.1
36	74	4.1
38	74	4.1
40	74	4.1
42	74	4.1
44	74	4.1
46	74	4.1
48	74	4.1
50	74	4.1
52	74	4.1
54	74	4.1
56	74	4.1
58	74	4.1
60	74	4.1
62	74	4.1
64	74	4.1
66	74	4.1
68	74	4.1
70	74	4.1
72	74	4.1
74	74	4.1
76	74	4.1
78	74	4.1
80	74	4.1
82	74	4.1
84	74	4.1
86	74	4.1
88	74	4.1
90	74	4.1
92	74	4.1
94	74	4.1
96	74	4.1
98	74	4.1
100	74	4.1
102	74	4.1
104	74	4.1
106	74	4.1
108	74	4.1
110	74	4.1
112	74	4.1
114	74	4.1
116	74	4.1
118	74	4.1
120	74	4.1
122	74	4.1
124	74	4.1
126	74	4.1
128	74	4.1
130	74	4.1
132	74	4.1
134	74	4.1
136	74	4.1
138	74	4.1
140	74	4.1
142	74	4.1
144	74	4.1
146	74	4.1
148	74	4.1
150	74	4.1
152	74	4.1
154	74	4.1
156	74	4.1
0	75	4.1
2	75	4.1
4	75	4.1
6	75	4.1
8	75	4.1
10	75	4.1
12	75	4.1
14	75	4.1
16	75	4.1
18	75	4.1
20	75	4.1
22	75	4.1
24	75	4.1
26	75	4.1
28	75	4.1
30	75	4.1
32	75	4.1
34	75	4.1
36	75	4.1
38	75	4.1
40	75	4.1
42	75	4.1
44	75	4.1
46	75	4.1
48	75	4.1
50	75	4.1
52	75	4.1
54	75	4.1
56	75	4.1
58	75	4.1
60	75	4.1
62	75	4.1
64	75	4.1
66	75	4.1
68	75	4.1
70	75	4.1
72	75	4.1
74	75	4.1
76	75	4.1
78	75	4.1
80	75	4.1
82	75	4.1
84	75	4.1
86	75	4.1
88	75	4.1
90	75	4.1
92	75	4.1
94	75	4.1
96	75	4.1
98	75	4.1
100	75	4.1
102	75	4.1
104	75	4.1
106	75	4.1
108	75	4.1
110	75	4.1
112	75	4.1
114	75	4.1
116	75	4.1
118	75	4.1
120	75	4.1
122	75	4.1
124	75	4.1
126	75	4.1
128	75	4.1
130	75	4.1
132	75	4.1
134	75	4.1
136	75	4.1
138	75	4.1
140	75	4.1
142	75	4.1
144	75	4.1
146	75	4.1
148	75	4.1
150	75	4.1
152	75	4.1
154	75	4.1
156	75	4.1
0	76	4.1
2	76	4.1
4	76	4.1
6	76	4.1
8	76	4.1
10	76	4.1
12	76	4.1
14	76	4.1
16	76	4.1
18	76	4.1
20	76	4.1
22	76	4.1
24	76	4.1
26	76	4.1
28	76	4.1
30	76	4.1
32	76	4.1
34	76	4.1
36	76	4.1
38	76	4.1
40	76	4.1
42	76	4.1
44	76	4.1
46	76	4.1
48	76	4.1
50	76	4.1
52	76	4.1
54	76	4.1
56	76	4.1
58	76	4.1
60	76	4.1
62	76	4.1
64	76	4.1
66	76	4.1
68	76	4.1
70	76	4.1
72	76	4.1
74	76	4.1
76	76	4.1
78	76	4.1
80	76	4.1
82	76	4.1
84	76	4.1
86	76	4.1
88	76	4.1
90	76	4.1
92	76	4.1
94	76	4.1
96	76	4.1
98	76	4.1
100	76	4.1
102	76	4.1
104	76	4.1
106	76	4.1
108	76	4.1
110	76	4.1
112	76	4.1
114	76	4.1
116	76	4.1
118	76	4.1
120	76	4.1
122	76	4.1
124	76	4.1
126	76	4.1
128	76	4.1
130	76	4.1
132	76	4.1
134	76	4.1
136	76	4.1
138	76	4.1
140	76	4.1
142	76	4.1
144	76	4.1
146	76	4.1
148	76	4.1
150	76	4.1
152	76	4.1
154	76	4.1
156	76	4.1
0	77	4.1
2	77	4.1
4	77	4.1
6	77	4.1
8	77	4.1
10	77	4.1
12	77	4.1
14	77	4.1
16	77	4.1
18	77	4.1
20	77	4.1
22	77	4.1
24	77	4.1
26	77	4.1
28	77	4.1
30	77	4.1
32	77	4.1
34	77	4.1
36	77	4.1
38	77	4.1
40	77	4.1
42	77	4.1
44	77	4.1
46	77	4.1
48	77	4.1
50	77	4.1
52	77	4.1
54	77	4.1
56	77	4.1
58	77	4.1
60	77	4.1
62	77	4.1
64	77	4.1
66	77	4.1
68	77	4.1
70	77	4.1
72	77	4.1
74	77	4.1
76	77	4.1
78	77	4.1
80	77	4.1
82	77	4.1
84	77	4.1
86	77	4.1
88	77	4.1
90	77	4.1
92	77	4.1
94	77	4.1
96	77	4.1
98	77	4.1
100	77	4.1
102	77	4.1
104	77	4.1
106	77	4.1
108	77	4.1
110	77	4.1
112	77	4.1
114	77	4.1
116	77	4.1
118	77	4.1
120	77	4.1
122	77	4.1
124	77	4.1
126	77	4.1
128	77	4.1
130	77	4.1
132	77	4.1
134	77	4.1
136	77	4.1
138	77	4.1
140	77	4.1
142	77	4.1
144	77	4.1
146	77	4.1
148	77	4.1
150	77	4.1
152	77	4.1
154	77	4.1
156	77	4.1
0	78	4.1
2	78	4.1
4	78	4.1
6	78	4.1
8	78	4.1
10	78	4.1
12	78	4.1
14	78	4.1
16	78	4.1
18	78	4.1
20	78	4.1
22	78	4.1
24	78	4.1
26	78	4.1
28	78	4.1
30	78	4.1
32	78	4.1
34	78	4.1
36	78	4.1
38	78	4.1
40	78	4.1
42	78	4.1
44	78	4.1
46	78	4.1
48	78	4.1
50	78	4.1
52	78	4.1
54	78	4.1
56	78	4.1
58	78	4.1
60	78	4.1
62	78	4.1
64	78	4.1
66	78	4.1
68	78	4.1
70	78	4.1
72	78	4.1
74	78	4.1
76	78	4.1
78	78	4.1
80	78	4.1
82	78	4.1
84	78	4.1
86	78	4.1
88	78	4.1
90	78	4.1
92	78	4.1
94	78	4.1
96	78	4.1
98	78	4.1
100	78	4.1
102	78	4.1
104	78	4.1
106	78	4.1
108	78	4.1
110	78	4.1
112	78	4.1
114	78	4.1
116	78	4.1
118	78	4.1
120	78	4.1
122	78	4.1
124	78	4.1
126	78	4.1
128	78	4.1
130	78	4.1
132	78	4.1
134	78	4.1
136	78	4.1
138	78	4.1
140	78	4.1
142	78	4.1
144	78	4.1
146	78	4.1
148	78	4.1
150	78	4.1
152	78	4.1
154	78	4.1
156	78	4.1
0	79	4.1
2	79	4.1
4	79	4.1
6	79	4.1
8	79	4.1
10	79	4.1
12	79	4.1
14	79	4.1
16	79	4.1
18	79	4.1
20	79	4.1
22	79	4.1
24	79	4.1
26	79	4.1
28	79	4.1
30	79	4.1
32	79	4.1
34	79	4.1
36	79	4.1
38	79	4.1
40	79	4.1
42	79	4.1
44	79	4.1
46	79	4.1
48	79	4.1
50	79	4.1
52	79	4.1
54	79	4.1
56	79	4.1
58	79	4.1
60	79	4.1
62	79	4.1
64	79	4.1
66	79	4.1
68	79	4.1
70	79	4.1
72	79	4.1
74	79	4.1
76	79	4.1
78	79	4.1
80	79	4.1
82	79	4.1
84	79	4.1
86	79	4.1
88	79	4.1
90	79	4.1
92	79	4.1
94	79	4.1
96	79	4.1
98	79	4.1
100	79	4.1
102	79	4.1
104	79	4.1
106	79	4.1
108	79	4.1
110	79	4.1
112	79	4.1
114	79	4.1
116	79	4.1
118	79	4.1
120	79	4.1
122	79	4.1
124	79	4.1
126	79	4.1
128	79	4.1
130	79	4.1
132	79	4.1
134	79	4.1
136	79	4.1
138	79	4.1
140	79	4.1
142	79	4.1
144	79	4.1
146	79	4.1
148	79	4.1
150	79	4.1
152	79	4.1
154	79	4.1
156	79	4.1
