0	0	1.5
1	0	1.5
2	0	1.5
3	0	1.5
4	0	1.5
5	0	1.5
6	0	1.5
7	0	1.5
8	0	1.5
9	0	1.5
10	0	1.5
11	0	1.5
12	0	1.5
13	0	1.5
14	0	1.5
15	0	1.5
16	0	1.5
17	0	1.5
18	0	1.5
19	0	1.5
20	0	1.5
21	0	1.5
22	0	1.5
23	0	1.5
24	0	1.5
25	0	1.5
26	0	1.5
27	0	1.5
28	0	1.5
29	0	1.5
30	0	1.5
31	0	1.5
32	0	1.5
33	0	1.5
34	0	1.5
35	0	1.5
36	0	1.5
37	0	1.5
38	0	1.5
39	0	1.5
40	0	1.5
41	0	1.5
42	0	1.5
43	0	1.5
44	0	1.5
45	0	1.5
46	0	1.5
47	0	1.5
48	0	1.5
49	0	1.5
50	0	1.5
51	0	1.5
52	0	1.5
53	0	1.5
54	0	1.5
55	0	1.5
56	0	1.5
57	0	1.5
58	0	1.5
59	0	1.5
60	0	1.5
61	0	1.5
62	0	1.5
63	0	1.5
64	0	1.5
65	0	1.5
66	0	1.5
67	0	1.5
68	0	1.5
69	0	1.5
70	0	1.5
71	0	1.5
72	0	1.5
73	0	1.5
74	0	1.5
75	0	1.5
76	0	1.5
77	0	1.5
78	0	1.5
79	0	1.5
80	0	1.5
81	0	1.5
82	0	1.5
83	0	1.5
84	0	1.5
85	0	1.5
86	0	1.5
87	0	1.5
88	0	1.5
89	0	1.5
90	0	1.5
91	0	1.5
92	0	1.5
93	0	1.5
94	0	1.5
95	0	1.5
96	0	1.5
97	0	1.5
98	0	1.5
99	0	1.5
100	0	1.5
101	0	1.5
102	0	1.5
103	0	1.5
104	0	1.5
105	0	1.5
106	0	1.5
107	0	1.5
108	0	1.5
109	0	1.5
110	0	1.5
111	0	1.5
112	0	1.5
113	0	1.5
114	0	1.5
115	0	1.5
116	0	1.5
117	0	1.5
118	0	1.5
119	0	1.5
120	0	1.5
121	0	1.5
122	0	1.5
123	0	1.5
124	0	1.5
125	0	1.5
126	0	1.5
127	0	1.5
128	0	1.5
129	0	1.5
130	0	1.5
131	0	1.5
132	0	1.5
133	0	1.5
134	0	1.5
135	0	1.5
136	0	1.5
137	0	1.5
138	0	1.5
139	0	1.5
140	0	1.5
141	0	1.5
142	0	1.5
143	0	1.5
144	0	1.5
145	0	1.5
146	0	1.5
147	0	1.5
148	0	1.5
149	0	1.5
150	0	1.5
151	0	1.5
152	0	1.5
153	0	1.5
154	0	1.5
155	0	1.5
156	0	1.5
157	0	1.5
0	2	1.5
1	2	1.5
2	2	1.5
3	2	1.5
4	2	1.5
5	2	1.5
6	2	1.5
7	2	1.5
8	2	1.5
9	2	1.5
10	2	1.5
11	2	1.5
12	2	1.5
13	2	1.5
14	2	1.5
15	2	1.5
16	2	1.5
17	2	1.5
18	2	1.5
19	2	1.5
20	2	1.5
21	2	1.5
22	2	1.5
23	2	1.5
24	2	1.5
25	2	1.5
26	2	1.5
27	2	1.5
28	2	1.5
29	2	1.5
30	2	1.5
31	2	1.5
32	2	1.5
33	2	1.5
34	2	1.5
35	2	1.5
36	2	1.5
37	2	1.5
38	2	1.5
39	2	1.5
40	2	1.5
41	2	1.5
42	2	1.5
43	2	1.5
44	2	1.5
45	2	1.5
46	2	1.5
47	2	1.5
48	2	1.5
49	2	1.5
50	2	1.5
51	2	1.5
52	2	1.5
53	2	1.5
54	2	1.5
55	2	1.5
56	2	1.5
57	2	1.5
58	2	1.5
59	2	1.5
60	2	1.5
61	2	1.5
62	2	1.5
63	2	1.5
64	2	1.5
65	2	1.5
66	2	1.5
67	2	1.5
68	2	1.5
69	2	1.5
70	2	1.5
71	2	1.5
72	2	1.5
73	2	1.5
74	2	1.5
75	2	1.5
76	2	1.5
77	2	1.5
78	2	1.5
79	2	1.5
80	2	1.5
81	2	1.5
82	2	1.5
83	2	1.5
84	2	1.5
85	2	1.5
86	2	1.5
87	2	1.5
88	2	1.5
89	2	1.5
90	2	1.5
91	2	1.5
92	2	1.5
93	2	1.5
94	2	1.5
95	2	1.5
96	2	1.5
97	2	1.5
98	2	1.5
99	2	1.5
100	2	1.5
101	2	1.5
102	2	1.5
103	2	1.5
104	2	1.5
105	2	1.5
106	2	1.5
107	2	1.5
108	2	1.5
109	2	1.5
110	2	1.5
111	2	1.5
112	2	1.5
113	2	1.5
114	2	1.5
115	2	1.5
116	2	1.5
117	2	1.5
118	2	1.5
119	2	1.5
120	2	1.5
121	2	1.5
122	2	1.5
123	2	1.5
124	2	1.5
125	2	1.5
126	2	1.5
127	2	1.5
128	2	1.5
129	2	1.5
130	2	1.5
131	2	1.5
132	2	1.5
133	2	1.5
134	2	1.5
135	2	1.5
136	2	1.5
137	2	1.5
138	2	1.5
139	2	1.5
140	2	1.5
141	2	1.5
142	2	1.5
143	2	1.5
144	2	1.5
145	2	1.5
146	2	1.5
147	2	1.5
148	2	1.5
149	2	1.5
150	2	1.5
151	2	1.5
152	2	1.5
153	2	1.5
154	2	1.5
155	2	1.5
156	2	1.5
157	2	1.5
0	4	1.5
1	4	1.5
2	4	1.5
3	4	1.5
4	4	1.5
5	4	1.5
6	4	1.5
7	4	1.5
8	4	1.5
9	4	1.5
10	4	1.5
11	4	1.5
12	4	1.5
13	4	1.5
14	4	1.5
15	4	1.5
16	4	1.5
17	4	1.5
18	4	1.5
19	4	1.5
20	4	1.5
21	4	1.5
22	4	1.5
23	4	1.5
24	4	1.5
25	4	1.5
26	4	1.5
27	4	1.5
28	4	1.5
29	4	1.5
30	4	1.5
31	4	1.5
32	4	1.5
33	4	1.5
34	4	1.5
35	4	1.5
36	4	1.5
37	4	1.5
38	4	1.5
39	4	1.5
40	4	1.5
41	4	1.5
42	4	1.5
43	4	1.5
44	4	1.5
45	4	1.5
46	4	1.5
47	4	1.5
48	4	1.5
49	4	1.5
50	4	1.5
51	4	1.5
52	4	1.5
53	4	1.5
54	4	1.5
55	4	1.5
56	4	1.5
57	4	1.5
58	4	1.5
59	4	1.5
60	4	1.5
61	4	1.5
62	4	1.5
63	4	1.5
64	4	1.5
65	4	1.5
66	4	1.5
67	4	1.5
68	4	1.5
69	4	1.5
70	4	1.5
71	4	1.5
72	4	1.5
73	4	1.5
74	4	1.5
75	4	1.5
76	4	1.5
77	4	1.5
78	4	1.5
79	4	1.5
80	4	1.5
81	4	1.5
82	4	1.5
83	4	1.5
84	4	1.5
85	4	1.5
86	4	1.5
87	4	1.5
88	4	1.5
89	4	1.5
90	4	1.5
91	4	1.5
92	4	1.5
93	4	1.5
94	4	1.5
95	4	1.5
96	4	1.5
97	4	1.5
98	4	1.5
99	4	1.5
100	4	1.5
101	4	1.5
102	4	1.5
103	4	1.5
104	4	1.5
105	4	1.5
106	4	1.5
107	4	1.5
108	4	1.5
109	4	1.5
110	4	1.5
111	4	1.5
112	4	1.5
113	4	1.5
114	4	1.5
115	4	1.5
116	4	1.5
117	4	1.5
118	4	1.5
119	4	1.5
120	4	1.5
121	4	1.5
122	4	1.5
123	4	1.5
124	4	1.5
125	4	1.5
126	4	1.5
127	4	1.5
128	4	1.5
129	4	1.5
130	4	1.5
131	4	1.5
132	4	1.5
133	4	1.5
134	4	1.5
135	4	1.5
136	4	1.5
137	4	1.5
138	4	1.5
139	4	1.5
140	4	1.5
141	4	1.5
142	4	1.5
143	4	1.5
144	4	1.5
145	4	1.5
146	4	1.5
147	4	1.5
148	4	1.5
149	4	1.5
150	4	1.5
151	4	1.5
152	4	1.5
153	4	1.5
154	4	1.5
155	4	1.5
156	4	1.5
157	4	1.5
0	6	1.5
1	6	1.5
2	6	1.5
3	6	1.5
4	6	1.5
5	6	1.5
6	6	1.5
7	6	1.5
8	6	1.5
9	6	1.5
10	6	1.5
11	6	1.5
12	6	1.5
13	6	1.5
14	6	1.5
15	6	1.5
16	6	1.5
17	6	1.5
18	6	1.5
19	6	1.5
20	6	1.5
21	6	1.5
22	6	1.5
23	6	1.5
24	6	1.5
25	6	1.5
26	6	1.5
27	6	1.5
28	6	1.5
29	6	1.5
30	6	1.5
31	6	1.5
32	6	1.5
33	6	1.5
34	6	1.5
35	6	1.5
36	6	1.5
37	6	1.5
38	6	1.5
39	6	1.5
40	6	1.5
41	6	1.5
42	6	1.5
43	6	1.5
44	6	1.5
45	6	1.5
46	6	1.5
47	6	1.5
48	6	1.5
49	6	1.5
50	6	1.5
51	6	1.5
52	6	1.5
53	6	1.5
54	6	1.5
55	6	1.5
56	6	1.5
57	6	1.5
58	6	1.5
59	6	1.5
60	6	1.5
61	6	1.5
62	6	1.5
63	6	1.5
64	6	1.5
65	6	1.5
66	6	1.5
67	6	1.5
68	6	1.5
69	6	1.5
70	6	1.5
71	6	1.5
72	6	1.5
73	6	1.5
74	6	1.5
75	6	1.5
76	6	1.5
77	6	1.5
78	6	1.5
79	6	1.5
80	6	1.5
81	6	1.5
82	6	1.5
83	6	1.5
84	6	1.5
85	6	1.5
86	6	1.5
87	6	1.5
88	6	1.5
89	6	1.5
90	6	1.5
91	6	1.5
92	6	1.5
93	6	1.5
94	6	1.5
95	6	1.5
96	6	1.5
97	6	1.5
98	6	1.5
99	6	1.5
100	6	1.5
101	6	1.5
102	6	1.5
103	6	1.5
104	6	1.5
105	6	1.5
106	6	1.5
107	6	1.5
108	6	1.5
109	6	1.5
110	6	1.5
111	6	1.5
112	6	1.5
113	6	1.5
114	6	1.5
115	6	1.5
116	6	1.5
117	6	1.5
118	6	1.5
119	6	1.5
120	6	1.5
121	6	1.5
122	6	1.5
123	6	1.5
124	6	1.5
125	6	1.5
126	6	1.5
127	6	1.5
128	6	1.5
129	6	1.5
130	6	1.5
131	6	1.5
132	6	1.5
133	6	1.5
134	6	1.5
135	6	1.5
136	6	1.5
137	6	1.5
138	6	1.5
139	6	1.5
140	6	1.5
141	6	1.5
142	6	1.5
143	6	1.5
144	6	1.5
145	6	1.5
146	6	1.5
147	6	1.5
148	6	1.5
149	6	1.5
150	6	1.5
151	6	1.5
152	6	1.5
153	6	1.5
154	6	0
155	6	0
156	6	0
157	6	0
127	17	2
128	17	2
129	17	2
130	17	2
131	17	2
132	17	2
133	17	2
134	17	2
135	17	2
136	17	2
137	17	2
138	17	2
139	17	2
140	17	2
141	17	2
142	17	2
143	17	2
144	17	2
145	17	2
146	17	2
147	17	2
148	17	2
149	17	2
150	17	2
151	17	2
152	17	2
153	17	2
154	17	2
155	17	2
156	17	2
157	17	2
0	19	1.5
1	19	1.5
2	19	1.5
3	19	1.5
4	19	1.5
5	19	1.5
6	19	1.5
7	19	1.5
8	19	1.5
9	19	1.5
10	19	1.5
11	19	1.5
12	19	1.5
13	19	1.5
14	19	1.5
15	19	1.5
16	19	1.5
17	19	1.5
18	19	1.5
19	19	1.5
20	19	1.5
21	19	1.5
22	19	1.5
23	19	1.5
24	19	1.5
25	19	1.5
26	19	1.5
27	19	1.5
28	19	1.5
29	19	1.5
30	19	1.5
31	19	1.5
32	19	1.5
33	19	1.5
34	19	1.5
35	19	1.5
36	19	1.5
37	19	1.5
38	19	1.5
39	19	1.5
40	19	1.5
41	19	1.5
42	19	1.5
43	19	1.5
44	19	1.5
45	19	1.5
46	19	1.5
47	19	1.5
48	19	1.5
49	19	1.5
50	19	1.5
51	19	1.5
52	19	1.5
53	19	1.5
54	19	1.5
55	19	1.5
56	19	1.5
57	19	1.5
58	19	1.5
59	19	1.5
60	19	1.5
61	19	1.5
62	19	1.5
63	19	1.5
64	19	1.5
65	19	1.5
66	19	1.5
67	19	1.5
68	19	1.5
69	19	1.5
70	19	1.5
71	19	1.5
72	19	1.5
73	19	1.5
74	19	1.5
75	19	1.5
76	19	1.5
77	19	1.5
78	19	1.5
79	19	1.5
80	19	1.5
81	19	1.5
82	19	1.5
83	19	1.5
84	19	1.5
85	19	1.5
86	19	1.5
87	19	1.5
88	19	1.5
89	19	1.5
90	19	1.5
91	19	1.5
92	19	1.5
93	19	1.5
94	19	1.5
95	19	0
96	19	0
97	19	0
98	19	0
99	19	0
100	19	0
101	19	0
102	19	0
103	19	0
104	19	0
105	19	0
106	19	0
107	19	0
108	19	0
109	19	0
110	19	0
111	19	0
112	19	0
113	19	0
114	19	2
115	19	2
116	19	2
117	19	2
118	19	2
119	19	2
120	19	2
121	19	2
122	19	2
123	19	2
124	19	2
125	19	2
126	19	2
127	19	2
128	19	2
129	19	2
130	19	2
131	19	2
132	19	2
133	19	2
134	19	2
135	19	2
136	19	2
137	19	2
138	19	2
139	19	2
140	19	2
141	19	2
142	19	2
143	19	2
144	19	2
145	19	2
146	19	2
147	19	2
148	19	2
149	19	2
150	19	2
151	19	2
152	19	2
153	19	2
154	19	2
155	19	2
156	19	2
157	19	2
0	23	1.5
1	23	1.5
2	23	1.5
3	23	1.5
4	23	1.5
5	23	1.5
6	23	1.5
7	23	1.5
8	23	1.5
9	23	1.5
10	23	1.5
11	23	1.5
12	23	1.5
13	23	1.5
14	23	1.5
15	23	1.5
16	23	1.5
17	23	1.5
18	23	1.5
19	23	1.5
20	23	1.5
21	23	1.5
22	23	1.5
23	23	1.5
24	23	1.5
25	23	1.5
26	23	1.5
27	23	1.5
28	23	1.5
29	23	1.5
30	23	1.5
31	23	1.5
32	23	1.5
33	23	1.5
34	23	1.5
35	23	1.5
36	23	1.5
37	23	1.5
38	23	1.5
39	23	1.5
40	23	1.5
41	23	1.5
42	23	1.5
43	23	1.5
44	23	1.5
45	23	1.5
46	23	1.5
47	23	1.5
48	23	1.5
49	23	1.5
50	23	1.5
51	23	1.5
52	23	1.5
53	23	1.5
54	23	1.5
55	23	1.5
56	23	1.5
57	23	1.5
58	23	1.5
59	23	1.5
60	23	1.5
61	23	1.5
62	23	1.5
63	23	1.5
64	23	1.5
65	23	1.5
66	23	1.5
67	23	1.5
68	23	1.5
69	23	0
70	23	0
71	23	0
72	23	0
73	23	0
74	23	0
75	23	0
76	23	0
77	23	0
78	23	0
79	23	0
80	23	0
81	23	0
82	23	0
83	23	0
84	23	0
85	23	0
86	23	0
87	23	0
88	23	0
89	23	0
90	23	0
91	23	0
92	23	2
93	23	2
94	23	2
95	23	2
96	23	2
97	23	2
98	23	2
99	23	2
100	23	2
101	23	2
102	23	2
103	23	2
104	23	2
105	23	2
106	23	2
107	23	2
108	23	2
109	23	2
110	23	2
111	23	2
112	23	2
113	23	2
114	23	2
115	23	2
116	23	2
117	23	2
118	23	2
119	23	2
120	23	2
121	23	2
122	23	2
123	23	2
124	23	2
125	23	2
126	23	2
127	23	2
128	23	2
129	23	2
130	23	2
131	23	2
132	23	2
133	23	2
134	23	2
135	23	2
136	23	2
137	23	2
138	23	2
139	23	2
140	23	2
141	23	2
142	23	2
143	23	2
144	23	2
145	23	2
146	23	2
147	23	2
148	23	2
149	23	2
150	23	2
151	23	2
152	23	2
153	23	2
154	23	2
155	23	2
156	23	2
157	23	2
0	27	1.5
1	27	1.5
2	27	1.5
3	27	1.5
4	27	1.5
5	27	1.5
6	27	1.5
7	27	1.5
8	27	1.5
9	27	1.5
10	27	1.5
11	27	1.5
12	27	1.5
13	27	1.5
14	27	1.5
15	27	1.5
16	27	1.5
17	27	1.5
18	27	1.5
19	27	1.5
20	27	1.5
21	27	1.5
22	27	1.5
23	27	0
24	27	0
25	27	0
26	27	0
27	27	0
28	27	0
29	27	0
30	27	0
31	27	0
32	27	0
33	27	0
34	27	0
35	27	0
36	27	1.5
37	27	0
38	27	0
39	27	0
40	27	0
41	27	0
42	27	0
43	27	0
44	27	0
45	27	0
46	27	0
47	27	0
48	27	0
49	27	0
50	27	0
51	27	0
52	27	0
53	27	0
54	27	0
55	27	0
56	27	0
57	27	0
58	27	0
59	27	0
60	27	0
61	27	0
62	27	0
63	27	0
64	27	0
65	27	0
66	27	2
67	27	2
68	27	2
69	27	2
70	27	2
71	27	2
72	27	2
73	27	2
74	27	2
75	27	2
76	27	2
77	27	2
78	27	2
79	27	2
80	27	2
81	27	2
82	27	2
83	27	2
84	27	2
85	27	2
86	27	2
87	27	2
88	27	2
89	27	2
90	27	2
91	27	2
92	27	2
93	27	2
94	27	2
95	27	2
96	27	2
97	27	2
98	27	2
99	27	2
100	27	2
101	27	2
102	27	2
103	27	2
104	27	2
105	27	2
106	27	2
107	27	2
108	27	2
109	27	2
110	27	2
111	27	2
112	27	2
113	27	2
114	27	2
115	27	2
116	27	2
117	27	2
118	27	2
119	27	2
120	27	2
121	27	2
122	27	2
123	27	2
124	27	2
125	27	2
126	27	2
127	27	2
128	27	2
129	27	2
130	27	2
131	27	2
132	27	2
133	27	2
134	27	2
135	27	2
136	27	2
137	27	2
138	27	2
139	27	2
140	27	2
141	27	2
142	27	2
143	27	2
144	27	2
145	27	2
146	27	2
147	27	2
148	27	2
149	27	2
150	27	2
151	27	2
152	27	2
153	27	2
154	27	2
155	27	2
156	27	2
157	27	2
0	31	2
1	31	2
2	31	2
3	31	2
4	31	2
5	31	2
6	31	2
7	31	2
8	31	2
9	31	2
10	31	2
11	31	2
12	31	2
13	31	2
14	31	2
15	31	2
16	31	2
17	31	2
18	31	2
19	31	2
20	31	2
21	31	2
22	31	2
23	31	2
24	31	2
25	31	2
26	31	2
27	31	2
28	31	2
29	31	2
30	31	2
31	31	2
32	31	2
33	31	2
34	31	2
35	31	2
36	31	2
37	31	2
38	31	2
39	31	2
40	31	2
41	31	2
42	31	2
43	31	2
44	31	2
45	31	2
46	31	2
47	31	2
48	31	2
49	31	2
50	31	2
51	31	2
52	31	2
53	31	2
54	31	2
55	31	2
56	31	2
57	31	2
58	31	2
59	31	2
60	31	2
61	31	2
62	31	2
63	31	2
64	31	2
65	31	2
66	31	2
67	31	2
68	31	2
69	31	2
70	31	2
71	31	2
72	31	2
73	31	2
74	31	2
75	31	2
76	31	2
77	31	2
78	31	2
79	31	2
80	31	2
81	31	2
82	31	2
83	31	2
84	31	2
85	31	2
86	31	2
87	31	2
88	31	2
89	31	2
90	31	2
91	31	2
92	31	2
93	31	2
94	31	2
95	31	2
96	31	2
97	31	2
98	31	2
99	31	2
100	31	2
101	31	2
102	31	2
103	31	2
104	31	2
105	31	2
106	31	2
107	31	2
108	31	2
109	31	2
110	31	2
111	31	2
112	31	2
113	31	2
114	31	2
115	31	2
116	31	2
117	31	2
118	31	2
119	31	2
120	31	2
121	31	2
122	31	2
123	31	2
124	31	2
125	31	2
126	31	2
127	31	2
128	31	2
129	31	2
130	31	2
131	31	2
132	31	2
133	31	2
134	31	2
135	31	2
136	31	2
137	31	2
138	31	2
139	31	2
140	31	2
141	31	2
142	31	2
143	31	2
144	31	2
145	31	2
146	31	2
147	31	2
148	31	0
149	31	0
150	31	0
151	31	0
152	31	0
153	31	0
154	31	0
155	31	0
156	31	0
157	31	0
0	35	2
1	35	2
2	35	2
3	35	2
4	35	2
5	35	2
6	35	2
7	35	2
8	35	2
9	35	2
10	35	2
11	35	2
12	35	2
13	35	2
14	35	2
15	35	2
16	35	2
17	35	2
18	35	2
19	35	2
20	35	2
21	35	2
22	35	2
23	35	2
24	35	2
25	35	2
26	35	2
27	35	2
28	35	2
29	35	2
30	35	2
31	35	2
32	35	2
33	35	2
34	35	2
35	35	2
36	35	2
37	35	2
38	35	2
39	35	2
40	35	2
41	35	2
42	35	2
43	35	2
44	35	2
45	35	2
46	35	2
47	35	2
48	35	2
49	35	2
50	35	2
51	35	2
52	35	2
53	35	2
54	35	2
55	35	2
56	35	2
57	35	2
58	35	2
59	35	2
60	35	2
61	35	2
62	35	2
63	35	2
64	35	2
65	35	2
66	35	2
67	35	2
68	35	2
69	35	2
70	35	2
71	35	2
72	35	2
73	35	2
74	35	2
75	35	2
76	35	2
77	35	2
78	35	2
79	35	2
80	35	2
81	35	2
82	35	2
83	35	2
84	35	2
85	35	2
86	35	2
87	35	2
88	35	2
89	35	2
90	35	2
91	35	2
92	35	2
93	35	2
94	35	2
95	35	2
96	35	2
97	35	2
98	35	2
99	35	2
100	35	2
101	35	2
102	35	2
103	35	2
104	35	2
105	35	2
106	35	2
107	35	2
108	35	2
109	35	2
110	35	2
111	35	2
112	35	2
113	35	2
114	35	2
115	35	2
116	35	2
117	35	2
118	35	2
119	35	2
120	35	2
121	35	2.8
122	35	2.8
123	35	2.8
124	35	2.8
125	35	2.8
126	35	2.8
127	35	2.8
128	35	2.8
129	35	2.8
130	35	2.8
131	35	2.8
132	35	2.8
133	35	2.8
134	35	2.8
135	35	2.8
136	35	2.8
137	35	2.8
138	35	2.8
139	35	2.8
140	35	2.8
141	35	2.8
142	35	2.8
143	35	2.8
144	35	2.8
145	35	2.8
146	35	2.8
147	35	2.8
148	35	2.8
149	35	2.8
150	35	2.8
151	35	2.8
152	35	2.8
153	35	2.8
154	35	2.8
155	35	2.8
156	35	2.8
157	35	2.8
0	39	2
1	39	2
2	39	2
3	39	2
4	39	2
5	39	2
6	39	2
7	39	2
8	39	2
9	39	2
10	39	2
11	39	2
12	39	2
13	39	2
14	39	2
15	39	2
16	39	2
17	39	2
18	39	2
19	39	2
20	39	2
21	39	2
22	39	2
23	39	2
24	39	2
25	39	2
26	39	2
27	39	2
28	39	2
29	39	2
30	39	2
31	39	2
32	39	2
33	39	2
34	39	2
35	39	2
36	39	2
37	39	2
38	39	2
39	39	2
40	39	2
41	39	2
42	39	2
43	39	2
44	39	2
45	39	2
46	39	2
47	39	2
48	39	2
49	39	2
50	39	2
51	39	2
52	39	2
53	39	2
54	39	2
55	39	2
56	39	2
57	39	2
58	39	2
59	39	2
60	39	2
61	39	2
62	39	2
63	39	2
64	39	2
65	39	2
66	39	2
67	39	2
68	39	2
69	39	2
70	39	2
71	39	2
72	39	2
73	39	2
74	39	2
75	39	2
76	39	2
77	39	2
78	39	0
79	39	0
80	39	0
81	39	0
82	39	0
83	39	0
84	39	0
85	39	0
86	39	0
87	39	0
88	39	0
89	39	0
90	39	0
91	39	0
92	39	0
93	39	0
94	39	0
95	39	0
96	39	0
97	39	0
98	39	0
99	39	0
100	39	0
101	39	0
102	39	0
103	39	0
104	39	0
105	39	0
106	39	0
107	39	0
108	39	0
109	39	0
110	39	0
111	39	0
112	39	2.8
113	39	2.8
114	39	2.8
115	39	2.8
116	39	2.8
117	39	2.8
118	39	2.8
119	39	2.8
120	39	2.8
121	39	2.8
122	39	2.8
123	39	2.8
124	39	2.8
125	39	2.8
126	39	2.8
127	39	2.8
128	39	2.8
129	39	2.8
130	39	2.8
131	39	2.8
132	39	2.8
133	39	2.8
134	39	2.8
135	39	2.8
136	39	2.8
137	39	2.8
138	39	2.8
139	39	2.8
140	39	2.8
141	39	2.8
142	39	2.8
143	39	2.8
144	39	2.8
145	39	2.8
146	39	2.8
147	39	2.8
148	39	2.8
149	39	2.8
150	39	2.8
151	39	2.8
152	39	2.8
153	39	2.8
154	39	2.8
155	39	2.8
156	39	2.8
157	39	2.8
0	43	0
1	43	0
2	43	0
3	43	0
4	43	0
5	43	0
6	43	0
7	43	0
8	43	0
9	43	0
10	43	0
11	43	0
12	43	0
13	43	0
14	43	0
15	43	0
16	43	0
17	43	0
18	43	0
19	43	0
20	43	0
21	43	0
22	43	0
23	43	0
24	43	0
25	43	0
26	43	0
27	43	0
28	43	0
29	43	0
30	43	2
31	43	2
32	43	0
33	43	0
34	43	0
35	43	0
36	43	0
37	43	0
38	43	0
39	43	0
40	43	0
41	43	0
42	43	0
43	43	0
44	43	0
45	43	0
46	43	0
47	43	0
48	43	0
49	43	0
50	43	0
51	43	0
52	43	0
53	43	0
54	43	0
55	43	0
56	43	0
57	43	0
58	43	0
59	43	0
60	43	0
61	43	0
62	43	0
63	43	0
64	43	0
65	43	2.8
66	43	0
67	43	0
68	43	0
69	43	0
70	43	0
71	43	0
72	43	0
73	43	2.8
74	43	2.8
75	43	2.8
76	43	2.8
77	43	2.8
78	43	2.8
79	43	2.8
80	43	2.8
81	43	2.8
82	43	2.8
83	43	2.8
84	43	2.8
85	43	2.8
86	43	2.8
87	43	2.8
88	43	2.8
89	43	2.8
90	43	2.8
91	43	2.8
92	43	2.8
93	43	2.8
94	43	2.8
95	43	2.8
96	43	2.8
97	43	2.8
98	43	2.8
99	43	2.8
100	43	2.8
101	43	2.8
102	43	2.8
103	43	2.8
104	43	2.8
105	43	2.8
106	43	2.8
107	43	2.8
108	43	2.8
109	43	2.8
110	43	2.8
111	43	2.8
112	43	2.8
113	43	2.8
114	43	2.8
115	43	2.8
116	43	2.8
117	43	2.8
118	43	2.8
119	43	2.8
120	43	2.8
121	43	2.8
122	43	2.8
123	43	2.8
124	43	2.8
125	43	2.8
126	43	2.8
127	43	2.8
128	43	2.8
129	43	2.8
130	43	2.8
131	43	2.8
132	43	2.8
133	43	2.8
134	43	2.8
135	43	2.8
136	43	2.8
137	43	2.8
138	43	2.8
139	43	2.8
140	43	2.8
141	43	2.8
142	43	2.8
143	43	2.8
144	43	2.8
145	43	2.8
146	43	2.8
147	43	2.8
148	43	2.8
149	43	2.8
150	43	2.8
151	43	0
152	43	0
153	43	0
154	43	0
155	43	0
156	43	0
157	43	0
0	47	2.8
1	47	2.8
2	47	2.8
3	47	2.8
4	47	2.8
5	47	2.8
6	47	2.8
7	47	2.8
8	47	2.8
9	47	2.8
10	47	2.8
11	47	2.8
12	47	2.8
13	47	2.8
14	47	2.8
15	47	2.8
16	47	2.8
17	47	2.8
18	47	2.8
19	47	2.8
20	47	2.8
21	47	2.8
22	47	2.8
23	47	2.8
24	47	2.8
25	47	2.8
26	47	2.8
27	47	2.8
28	47	2.8
29	47	2.8
30	47	2.8
31	47	2.8
32	47	2.8
33	47	2.8
34	47	2.8
35	47	2.8
36	47	2.8
37	47	2.8
38	47	2.8
39	47	2.8
40	47	2.8
41	47	2.8
42	47	2.8
43	47	2.8
44	47	2.8
45	47	2.8
46	47	2.8
47	47	2.8
48	47	2.8
49	47	2.8
50	47	2.8
51	47	2.8
52	47	2.8
53	47	2.8
54	47	2.8
55	47	2.8
56	47	2.8
57	47	2.8
58	47	2.8
59	47	2.8
60	47	2.8
61	47	2.8
62	47	2.8
63	47	2.8
64	47	2.8
65	47	2.8
66	47	2.8
67	47	2.8
68	47	2.8
69	47	2.8
70	47	2.8
71	47	2.8
72	47	2.8
73	47	2.8
74	47	2.8
75	47	2.8
76	47	2.8
77	47	2.8
78	47	2.8
79	47	2.8
80	47	2.8
81	47	2.8
82	47	2.8
83	47	2.8
84	47	2.8
85	47	2.8
86	47	2.8
87	47	2.8
88	47	2.8
89	47	2.8
90	47	2.8
91	47	2.8
92	47	2.8
93	47	2.8
94	47	2.8
95	47	2.8
96	47	2.8
97	47	2.8
98	47	2.8
99	47	2.8
100	47	2.8
101	47	2.8
102	47	2.8
103	47	2.8
104	47	2.8
105	47	2.8
106	47	2.8
107	47	2.8
108	47	2.8
109	47	2.8
110	47	2.8
111	47	2.8
112	47	2.8
113	47	2.8
114	47	2.8
115	47	2.8
116	47	2.8
117	47	2.8
118	47	2.8
119	47	2.8
120	47	0
121	47	0
122	47	0
123	47	0
124	47	0
125	47	0
126	47	0
127	47	0
128	47	0
129	47	0
130	47	0
131	47	0
132	47	0
133	47	0
134	47	0
135	47	0
136	47	0
137	47	0
138	47	0
139	47	0
140	47	0
141	47	0
142	47	0
143	47	0
144	47	0
145	47	0
146	47	0
147	47	0
148	47	3.3
149	47	3.3
150	47	3.3
151	47	3.3
152	47	3.3
153	47	3.3
154	47	3.3
155	47	3.3
156	47	3.3
157	47	3.3
102	49	0
103	49	0
104	49	0
105	49	0
106	49	0
107	49	0
108	49	0
109	49	0
110	49	0
111	49	0
112	49	0
113	49	0
114	49	0
115	49	0
116	49	0
117	49	0
118	49	0
119	49	0
120	49	0
121	49	0
122	49	0
123	49	0
124	49	0
125	49	0
126	49	0
127	49	0
128	49	0
129	49	0
130	49	0
131	49	0
132	49	0
133	49	3.3
134	49	3.3
135	49	3.3
136	49	3.3
137	49	3.3
138	49	3.3
139	49	3.3
140	49	3.3
141	49	3.3
142	49	3.3
143	49	3.3
144	49	3.3
145	49	3.3
146	49	3.3
147	49	3.3
148	49	3.3
149	49	3.3
150	49	3.3
151	49	3.3
152	49	3.3
153	49	3.3
154	49	3.3
155	49	3.3
156	49	3.3
157	49	3.3
0	53	2.8
1	53	2.8
2	53	2.8
3	53	2.8
4	53	2.8
5	53	2.8
6	53	2.8
7	53	2.8
8	53	2.8
9	53	2.8
10	53	2.8
11	53	2.8
12	53	2.8
13	53	2.8
14	53	2.8
15	53	2.8
16	53	2.8
17	53	2.8
18	53	2.8
19	53	2.8
20	53	2.8
21	53	2.8
22	53	2.8
23	53	2.8
24	53	2.8
25	53	2.8
26	53	2.8
27	53	2.8
28	53	2.8
29	53	2.8
30	53	2.8
31	53	2.8
32	53	2.8
33	53	2.8
34	53	2.8
35	53	2.8
36	53	2.8
37	53	2.8
38	53	2.8
39	53	2.8
40	53	2.8
41	53	2.8
42	53	2.8
43	53	2.8
44	53	2.8
45	53	2.8
46	53	2.8
47	53	2.8
48	53	2.8
49	53	2.8
50	53	2.8
51	53	2.8
52	53	2.8
53	53	2.8
54	53	0
55	53	0
56	53	0
57	53	0
58	53	0
59	53	0
60	53	0
61	53	0
62	53	0
63	53	0
64	53	0
65	53	0
66	53	0
67	53	0
68	53	0
69	53	0
70	53	0
71	53	0
72	53	0
73	53	0
74	53	0
75	53	0
76	53	0
77	53	0
78	53	0
79	53	0
80	53	0
81	53	0
82	53	0
83	53	0
84	53	0
85	53	0
86	53	0
87	53	0
88	53	0
89	53	0
90	53	0
91	53	0
92	53	0
93	53	0
94	53	0
95	53	0
96	53	0
97	53	0
98	53	3.3
99	53	3.3
100	53	3.3
101	53	3.3
102	53	3.3
103	53	3.3
104	53	3.3
105	53	3.3
106	53	3.3
107	53	3.3
108	53	3.3
109	53	3.3
110	53	3.3
111	53	3.3
112	53	3.3
113	53	3.3
114	53	3.3
115	53	3.3
116	53	3.3
117	53	3.3
118	53	3.3
119	53	3.3
120	53	3.3
121	53	3.3
122	53	3.3
123	53	3.3
124	53	3.3
125	53	3.3
126	53	3.3
127	53	3.3
128	53	3.3
129	53	3.3
130	53	3.3
131	53	3.3
132	53	3.3
133	53	3.3
134	53	3.3
135	53	3.3
136	53	3.3
137	53	3.3
138	53	3.3
139	53	3.3
140	53	3.3
141	53	3.3
142	53	3.3
143	53	3.3
144	53	3.3
145	53	3.3
146	53	3.3
147	53	3.3
148	53	3.3
149	53	3.3
150	53	3.3
151	53	3.3
152	53	3.3
153	53	3.3
154	53	3.3
155	53	3.3
156	53	3.3
157	53	3.3
0	57	0
1	57	0
2	57	0
3	57	0
4	57	0
5	57	0
6	57	0
7	57	0
8	57	0
9	57	0
10	57	0
11	57	0
12	57	0
13	57	0
14	57	0
15	57	0
16	57	0
17	57	0
18	57	0
19	57	0
20	57	0
21	57	0
22	57	0
23	57	0
24	57	0
25	57	0
26	57	0
27	57	0
28	57	0
29	57	0
30	57	0
31	57	0
32	57	0
33	57	0
34	57	0
35	57	0
36	57	0
37	57	0
38	57	0
39	57	0
40	57	0
41	57	0
42	57	0
43	57	0
44	57	0
45	57	0
46	57	3.3
47	57	3.3
48	57	3.3
49	57	3.3
50	57	3.3
51	57	3.3
52	57	3.3
53	57	3.3
54	57	3.3
55	57	3.3
56	57	3.3
57	57	3.3
58	57	3.3
59	57	3.3
60	57	3.3
61	57	3.3
62	57	3.3
63	57	3.3
64	57	3.3
65	57	3.3
66	57	3.3
67	57	3.3
68	57	3.3
69	57	3.3
70	57	3.3
71	57	3.3
72	57	3.3
73	57	3.3
74	57	3.3
75	57	3.3
76	57	3.3
77	57	3.3
78	57	3.3
79	57	3.3
80	57	3.3
81	57	3.3
82	57	3.3
83	57	3.3
84	57	3.3
85	57	3.3
86	57	3.3
87	57	3.3
88	57	3.3
89	57	3.3
90	57	3.3
91	57	3.3
92	57	3.3
93	57	3.3
94	57	3.3
95	57	3.3
96	57	3.3
97	57	3.3
98	57	3.3
99	57	3.3
100	57	3.3
101	57	3.3
102	57	3.3
103	57	3.3
104	57	3.3
105	57	3.3
106	57	3.3
107	57	3.3
108	57	3.3
109	57	3.3
110	57	3.3
111	57	3.3
112	57	3.3
113	57	3.3
114	57	3.3
115	57	3.3
116	57	3.3
117	57	3.3
118	57	3.3
119	57	3.3
120	57	3.3
121	57	3.3
122	57	3.3
123	57	3.3
124	57	3.3
125	57	3.3
126	57	3.3
127	57	3.3
128	57	3.3
129	57	3.3
130	57	3.3
131	57	3.3
132	57	3.3
133	57	3.3
134	57	3.3
135	57	3.3
136	57	3.3
137	57	3.3
138	57	3.3
139	57	3.3
140	57	3.3
141	57	3.3
142	57	3.3
143	57	3.3
144	57	3.3
145	57	3.3
146	57	3.3
147	57	3.3
148	57	3.3
149	57	3.3
150	57	3.3
151	57	3.3
152	57	0
153	57	0
154	57	0
155	57	0
156	57	0
157	57	0
0	61	3.3
1	61	3.3
2	61	3.3
3	61	3.3
4	61	3.3
5	61	3.3
6	61	3.3
7	61	3.3
8	61	3.3
9	61	3.3
10	61	3.3
11	61	3.3
12	61	3.3
13	61	3.3
14	61	3.3
15	61	3.3
16	61	3.3
17	61	3.3
18	61	3.3
19	61	3.3
20	61	3.3
21	61	3.3
22	61	3.3
23	61	3.3
24	61	3.3
25	61	3.3
26	61	3.3
27	61	3.3
28	61	3.3
29	61	3.3
30	61	3.3
31	61	3.3
32	61	3.3
33	61	3.3
34	61	3.3
35	61	3.3
36	61	3.3
37	61	3.3
38	61	3.3
39	61	3.3
40	61	3.3
41	61	3.3
42	61	3.3
43	61	3.3
44	61	3.3
45	61	3.3
46	61	3.3
47	61	3.3
48	61	3.3
49	61	3.3
50	61	3.3
51	61	3.3
52	61	3.3
53	61	3.3
54	61	3.3
55	61	3.3
56	61	3.3
57	61	3.3
58	61	3.3
59	61	3.3
60	61	3.3
61	61	3.3
62	61	3.3
63	61	3.3
64	61	3.3
65	61	3.3
66	61	3.3
67	61	3.3
68	61	3.3
69	61	3.3
70	61	3.3
71	61	3.3
72	61	3.3
73	61	3.3
74	61	3.3
75	61	3.3
76	61	3.3
77	61	3.3
78	61	3.3
79	61	3.3
80	61	3.3
81	61	3.3
82	61	3.3
83	61	3.3
84	61	3.3
85	61	3.3
86	61	3.3
87	61	3.3
88	61	3.3
89	61	3.3
90	61	3.3
91	61	3.3
92	61	3.3
93	61	3.3
94	61	3.3
95	61	3.3
96	61	3.3
97	61	3.3
98	61	3.3
99	61	3.3
100	61	3.3
101	61	3.3
102	61	3.3
103	61	3.3
104	61	3.3
105	61	3.3
106	61	3.3
107	61	3.3
108	61	3.3
109	61	3.3
110	61	3.3
111	61	3.3
112	61	3.3
113	61	3.3
114	61	3.3
115	61	3.3
116	61	3.3
117	61	3.3
118	61	3.3
119	61	3.3
120	61	3.3
121	61	3.3
122	61	3.3
123	61	3.3
124	61	3.3
125	61	3.3
126	61	3.3
127	61	3.3
128	61	3.3
129	61	3.3
130	61	0
131	61	0
132	61	0
133	61	0
134	61	0
135	61	0
136	61	0
137	61	0
138	61	0
139	61	0
140	61	0
141	61	0
142	61	0
143	61	0
144	61	0
145	61	0
146	61	0
147	61	0
148	61	0
149	61	0
150	61	4.1
151	61	4.1
152	61	4.1
153	61	4.1
154	61	4.1
155	61	4.1
156	61	4.1
157	61	4.1
0	65	3.3
1	65	3.3
2	65	3.3
3	65	3.3
4	65	3.3
5	65	3.3
6	65	3.3
7	65	3.3
8	65	3.3
9	65	3.3
10	65	3.3
11	65	3.3
12	65	3.3
13	65	3.3
14	65	3.3
15	65	3.3
16	65	3.3
17	65	3.3
18	65	3.3
19	65	3.3
20	65	3.3
21	65	3.3
22	65	3.3
23	65	3.3
24	65	3.3
25	65	3.3
26	65	3.3
27	65	3.3
28	65	3.3
29	65	3.3
30	65	3.3
31	65	3.3
32	65	3.3
33	65	3.3
34	65	3.3
35	65	3.3
36	65	3.3
37	65	3.3
38	65	3.3
39	65	3.3
40	65	3.3
41	65	3.3
42	65	3.3
43	65	3.3
44	65	3.3
45	65	3.3
46	65	3.3
47	65	3.3
48	65	3.3
49	65	3.3
50	65	3.3
51	65	3.3
52	65	3.3
53	65	3.3
54	65	3.3
55	65	3.3
56	65	3.3
57	65	3.3
58	65	3.3
59	65	3.3
60	65	3.3
61	65	3.3
62	65	3.3
63	65	3.3
64	65	3.3
65	65	3.3
66	65	3.3
67	65	3.3
68	65	3.3
69	65	3.3
70	65	3.3
71	65	3.3
72	65	3.3
73	65	3.3
74	65	3.3
75	65	3.3
76	65	3.3
77	65	3.3
78	65	3.3
79	65	3.3
80	65	3.3
81	65	3.3
82	65	3.3
83	65	3.3
84	65	3.3
85	65	3.3
86	65	3.3
87	65	3.3
88	65	3.3
89	65	3.3
90	65	3.3
91	65	3.3
92	65	3.3
93	65	3.3
94	65	3.3
95	65	3.3
96	65	3.3
97	65	3.3
98	65	3.3
99	65	3.3
100	65	3.3
101	65	0
102	65	0
103	65	0
104	65	0
105	65	0
106	65	0
107	65	0
108	65	0
109	65	0
110	65	0
111	65	0
112	65	0
113	65	0
114	65	0
115	65	0
116	65	0
117	65	0
118	65	0
119	65	0
120	65	0
121	65	0
122	65	0
123	65	0
124	65	0
125	65	0
126	65	0
127	65	0
128	65	4.1
129	65	4.1
130	65	4.1
131	65	4.1
132	65	4.1
133	65	4.1
134	65	4.1
135	65	4.1
136	65	4.1
137	65	4.1
138	65	4.1
139	65	4.1
140	65	4.1
141	65	4.1
142	65	4.1
143	65	4.1
144	65	4.1
145	65	4.1
146	65	4.1
147	65	4.1
148	65	4.1
149	65	4.1
150	65	4.1
151	65	4.1
152	65	4.1
153	65	4.1
154	65	4.1
155	65	4.1
156	65	4.1
157	65	4.1
0	69	0
1	69	0
2	69	0
3	69	0
4	69	0
5	69	0
6	69	0
7	69	0
8	69	0
9	69	0
10	69	0
11	69	0
12	69	0
13	69	0
14	69	0
15	69	0
16	69	0
17	69	0
18	69	0
19	69	0
20	69	0
21	69	0
22	69	0
23	69	0
24	69	0
25	69	0
26	69	0
27	69	0
28	69	0
29	69	0
30	69	0
31	69	0
32	69	0
33	69	0
34	69	0
35	69	0
36	69	0
37	69	0
38	69	0
39	69	0
40	69	0
41	69	0
42	69	0
43	69	0
44	69	0
45	69	0
46	69	0
47	69	0
48	69	0
49	69	0
50	69	0
51	69	0
52	69	0
53	69	0
54	69	0
55	69	0
56	69	0
57	69	0
58	69	0
59	69	0
60	69	0
61	69	0
62	69	0
63	69	0
64	69	0
65	69	0
66	69	0
67	69	0
68	69	0
69	69	0
70	69	0
71	69	0
72	69	0
73	69	0
74	69	0
75	69	0
76	69	0
77	69	0
78	69	0
79	69	0
80	69	0
81	69	0
82	69	0
83	69	0
84	69	0
85	69	0
86	69	0
87	69	0
88	69	0
89	69	0
90	69	0
91	69	0
92	69	0
93	69	0
94	69	0
95	69	0
96	69	0
97	69	4.1
98	69	4.1
99	69	4.1
100	69	4.1
101	69	4.1
102	69	4.1
103	69	4.1
104	69	4.1
105	69	4.1
106	69	4.1
107	69	4.1
108	69	4.1
109	69	4.1
110	69	4.1
111	69	4.1
112	69	4.1
113	69	4.1
114	69	4.1
115	69	4.1
116	69	4.1
117	69	4.1
118	69	4.1
119	69	4.1
120	69	4.1
121	69	4.1
122	69	4.1
123	69	4.1
124	69	4.1
125	69	4.1
126	69	4.1
127	69	4.1
128	69	4.1
129	69	4.1
130	69	4.1
131	69	4.1
132	69	4.1
133	69	4.1
134	69	4.1
135	69	4.1
136	69	4.1
137	69	4.1
138	69	4.1
139	69	4.1
140	69	4.1
141	69	4.1
142	69	4.1
143	69	4.1
144	69	4.1
145	69	4.1
146	69	4.1
147	69	4.1
148	69	4.1
149	69	4.1
150	69	4.1
151	69	4.1
152	69	4.1
153	69	4.1
154	69	4.1
155	69	4.1
156	69	4.1
157	69	4.1
0	73	4.1
1	73	4.1
2	73	4.1
3	73	4.1
4	73	4.1
5	73	4.1
6	73	4.1
7	73	4.1
8	73	4.1
9	73	4.1
10	73	4.1
11	73	4.1
12	73	4.1
13	73	4.1
14	73	4.1
15	73	4.1
16	73	4.1
17	73	4.1
18	73	4.1
19	73	4.1
20	73	4.1
21	73	4.1
22	73	4.1
23	73	4.1
24	73	4.1
25	73	4.1
26	73	4.1
27	73	4.1
28	73	4.1
29	73	4.1
30	73	4.1
31	73	4.1
32	73	4.1
33	73	4.1
34	73	4.1
35	73	4.1
36	73	4.1
37	73	4.1
38	73	4.1
39	73	4.1
40	73	4.1
41	73	4.1
42	73	4.1
43	73	4.1
44	73	4.1
45	73	4.1
46	73	4.1
47	73	4.1
48	73	4.1
49	73	4.1
50	73	4.1
51	73	4.1
52	73	4.1
53	73	4.1
54	73	4.1
55	73	4.1
56	73	4.1
57	73	4.1
58	73	4.1
59	73	4.1
60	73	4.1
61	73	4.1
62	73	4.1
63	73	4.1
64	73	4.1
65	73	4.1
66	73	4.1
67	73	4.1
68	73	4.1
69	73	4.1
70	73	4.1
71	73	4.1
72	73	4.1
73	73	4.1
74	73	4.1
75	73	4.1
76	73	4.1
77	73	4.1
78	73	4.1
79	73	4.1
80	73	4.1
81	73	4.1
82	73	4.1
83	73	4.1
84	73	4.1
85	73	4.1
86	73	4.1
87	73	4.1
88	73	4.1
89	73	4.1
90	73	4.1
91	73	4.1
92	73	4.1
93	73	4.1
94	73	4.1
95	73	4.1
96	73	4.1
97	73	4.1
98	73	4.1
99	73	4.1
100	73	4.1
101	73	4.1
102	73	4.1
103	73	4.1
104	73	4.1
105	73	4.1
106	73	4.1
107	73	4.1
108	73	4.1
109	73	4.1
110	73	4.1
111	73	4.1
112	73	4.1
113	73	4.1
114	73	4.1
115	73	4.1
116	73	4.1
117	73	4.1
118	73	4.1
119	73	4.1
120	73	4.1
121	73	4.1
122	73	4.1
123	73	4.1
124	73	4.1
125	73	4.1
126	73	4.1
127	73	4.1
128	73	4.1
129	73	4.1
130	73	4.1
131	73	4.1
132	73	4.1
133	73	4.1
134	73	4.1
135	73	4.1
136	73	4.1
137	73	4.1
138	73	4.1
139	73	4.1
140	73	4.1
141	73	4.1
142	73	4.1
143	73	4.1
144	73	4.1
145	73	4.1
146	73	4.1
147	73	4.1
148	73	4.1
149	73	4.1
150	73	4.1
151	73	4.1
152	73	4.1
153	73	4.1
154	73	4.1
155	73	4.1
156	73	4.1
157	73	4.1
0	77	4.1
1	77	4.1
2	77	4.1
3	77	4.1
4	77	4.1
5	77	4.1
6	77	4.1
7	77	4.1
8	77	4.1
9	77	4.1
10	77	4.1
11	77	4.1
12	77	4.1
13	77	4.1
14	77	4.1
15	77	4.1
16	77	4.1
17	77	4.1
18	77	4.1
19	77	4.1
20	77	4.1
21	77	4.1
22	77	4.1
23	77	4.1
24	77	4.1
25	77	4.1
26	77	4.1
27	77	4.1
28	77	4.1
29	77	4.1
30	77	4.1
31	77	4.1
32	77	4.1
33	77	4.1
34	77	4.1
35	77	4.1
36	77	4.1
37	77	4.1
38	77	4.1
39	77	4.1
40	77	4.1
41	77	4.1
42	77	4.1
43	77	4.1
44	77	4.1
45	77	4.1
46	77	4.1
47	77	4.1
48	77	4.1
49	77	4.1
50	77	4.1
51	77	4.1
52	77	4.1
53	77	4.1
54	77	4.1
55	77	4.1
56	77	4.1
57	77	4.1
58	77	4.1
59	77	4.1
60	77	4.1
61	77	4.1
62	77	4.1
63	77	4.1
64	77	4.1
65	77	4.1
66	77	4.1
67	77	4.1
68	77	4.1
69	77	4.1
70	77	4.1
71	77	4.1
72	77	4.1
73	77	4.1
74	77	4.1
75	77	4.1
76	77	4.1
77	77	4.1
78	77	4.1
79	77	4.1
80	77	4.1
81	77	4.1
82	77	4.1
83	77	4.1
84	77	4.1
85	77	4.1
86	77	4.1
87	77	4.1
88	77	4.1
89	77	4.1
90	77	4.1
91	77	4.1
92	77	4.1
93	77	4.1
94	77	4.1
95	77	4.1
96	77	4.1
97	77	4.1
98	77	4.1
99	77	4.1
100	77	4.1
101	77	4.1
102	77	4.1
103	77	4.1
104	77	4.1
105	77	4.1
106	77	4.1
107	77	4.1
108	77	4.1
109	77	4.1
110	77	4.1
111	77	4.1
112	77	4.1
113	77	4.1
114	77	4.1
115	77	4.1
116	77	4.1
117	77	4.1
118	77	4.1
119	77	4.1
120	77	4.1
121	77	4.1
122	77	4.1
123	77	4.1
124	77	4.1
125	77	4.1
126	77	4.1
127	77	4.1
128	77	4.1
129	77	4.1
130	77	4.1
131	77	4.1
132	77	4.1
133	77	4.1
134	77	4.1
135	77	4.1
136	77	4.1
137	77	4.1
138	77	4.1
139	77	4.1
140	77	4.1
141	77	4.1
142	77	4.1
143	77	4.1
144	77	4.1
145	77	4.1
146	77	4.1
147	77	4.1
148	77	4.1
149	77	4.1
150	77	4.1
151	77	4.1
152	77	4.1
153	77	4.1
154	77	4.1
155	77	4.1
156	77	4.1
157	77	4.1
0	79	4.1
1	79	4.1
2	79	4.1
3	79	4.1
4	79	4.1
5	79	4.1
6	79	4.1
7	79	4.1
8	79	4.1
9	79	4.1
10	79	4.1
11	79	4.1
12	79	4.1
13	79	4.1
14	79	4.1
15	79	4.1
16	79	4.1
17	79	4.1
18	79	4.1
19	79	4.1
20	79	4.1
21	79	4.1
22	79	4.1
23	79	4.1
24	79	4.1
25	79	4.1
26	79	4.1
27	79	4.1
28	79	4.1
29	79	4.1
30	79	4.1
31	79	4.1
32	79	4.1
33	79	4.1
34	79	4.1
35	79	4.1
36	79	4.1
37	79	4.1
38	79	4.1
39	79	4.1
40	79	4.1
41	79	4.1
42	79	4.1
43	79	4.1
44	79	4.1
45	79	4.1
46	79	4.1
47	79	4.1
48	79	4.1
49	79	4.1
50	79	4.1
51	79	4.1
52	79	4.1
53	79	4.1
54	79	4.1
55	79	4.1
56	79	4.1
57	79	4.1
58	79	4.1
59	79	4.1
60	79	4.1
61	79	4.1
62	79	4.1
63	79	4.1
64	79	4.1
65	79	4.1
66	79	4.1
67	79	4.1
68	79	4.1
69	79	4.1
70	79	4.1
71	79	4.1
72	79	4.1
73	79	4.1
74	79	4.1
75	79	4.1
76	79	4.1
77	79	4.1
78	79	4.1
79	79	4.1
80	79	4.1
81	79	4.1
82	79	4.1
83	79	4.1
84	79	4.1
85	79	4.1
86	79	4.1
87	79	4.1
88	79	4.1
89	79	4.1
90	79	4.1
91	79	4.1
92	79	4.1
93	79	4.1
94	79	4.1
95	79	4.1
96	79	4.1
97	79	4.1
98	79	4.1
99	79	4.1
100	79	4.1
101	79	4.1
102	79	4.1
103	79	4.1
104	79	4.1
105	79	4.1
106	79	4.1
107	79	4.1
108	79	4.1
109	79	4.1
110	79	4.1
111	79	4.1
112	79	4.1
113	79	4.1
114	79	4.1
115	79	4.1
116	79	4.1
117	79	4.1
118	79	4.1
119	79	4.1
120	79	4.1
121	79	4.1
122	79	4.1
123	79	4.1
124	79	4.1
125	79	4.1
126	79	4.1
127	79	4.1
128	79	4.1
129	79	4.1
130	79	4.1
131	79	4.1
132	79	4.1
133	79	4.1
134	79	4.1
135	79	4.1
136	79	4.1
137	79	4.1
138	79	4.1
139	79	4.1
140	79	4.1
141	79	4.1
142	79	4.1
143	79	4.1
144	79	4.1
145	79	4.1
146	79	4.1
147	79	4.1
148	79	4.1
149	79	4.1
150	79	4.1
151	79	4.1
152	79	4.1
153	79	4.1
154	79	4.1
155	79	4.1
156	79	4.1
157	79	4.1
