0	0	1.5
1	0	1.5
2	0	1.5
3	0	1.5
4	0	1.5
5	0	1.5
6	0	1.5
7	0	1.5
8	0	1.5
9	0	1.5
10	0	1.5
11	0	1.5
12	0	1.5
13	0	1.5
14	0	1.5
15	0	1.5
16	0	1.5
17	0	1.5
18	0	1.5
19	0	1.5
20	0	1.5
21	0	1.5
22	0	1.5
23	0	1.5
24	0	1.5
25	0	1.5
26	0	1.5
27	0	1.5
28	0	1.5
29	0	1.5
30	0	1.5
31	0	1.5
32	0	1.5
33	0	1.5
34	0	1.5
35	0	1.5
36	0	1.5
37	0	1.5
38	0	1.5
39	0	1.5
40	0	1.5
41	0	1.5
42	0	1.5
43	0	1.5
44	0	1.5
45	0	1.5
46	0	1.5
47	0	1.5
48	0	1.5
49	0	1.5
50	0	1.5
51	0	1.5
52	0	1.5
53	0	1.5
54	0	1.5
55	0	1.5
56	0	1.5
57	0	1.5
58	0	1.5
59	0	1.5
60	0	1.5
61	0	1.5
62	0	1.5
63	0	1.5
64	0	1.5
65	0	1.5
66	0	1.5
67	0	1.5
68	0	1.5
69	0	1.5
70	0	1.5
71	0	1.5
72	0	1.5
73	0	1.5
74	0	1.5
75	0	1.5
76	0	1.5
77	0	1.5
78	0	1.5
79	0	1.5
80	0	1.5
81	0	1.5
82	0	1.5
83	0	1.5
84	0	1.5
85	0	1.5
86	0	1.5
87	0	1.5
88	0	1.5
89	0	1.5
90	0	1.5
91	0	1.5
92	0	1.5
93	0	1.5
94	0	1.5
95	0	1.5
96	0	1.5
97	0	1.5
98	0	1.5
99	0	1.5
100	0	1.5
101	0	1.5
102	0	1.5
103	0	1.5
104	0	1.5
105	0	1.5
106	0	1.5
107	0	1.5
108	0	1.5
109	0	1.5
110	0	1.5
111	0	1.5
112	0	1.5
113	0	1.5
114	0	1.5
115	0	1.5
116	0	1.5
117	0	1.5
118	0	1.5
119	0	1.5
120	0	1.5
121	0	1.5
122	0	1.5
123	0	1.5
124	0	1.5
125	0	1.5
126	0	1.5
127	0	1.5
128	0	1.5
129	0	1.5
130	0	1.5
131	0	1.5
132	0	1.5
133	0	1.5
134	0	1.5
135	0	1.5
136	0	1.5
137	0	1.5
138	0	1.5
139	0	1.5
140	0	1.5
141	0	1.5
142	0	1.5
143	0	1.5
144	0	1.5
145	0	1.5
146	0	1.5
147	0	1.5
148	0	1.5
149	0	1.5
150	0	1.5
151	0	1.5
152	0	1.5
153	0	1.5
154	0	1.5
155	0	1.5
156	0	1.5
157	0	1.5
0	1	1.5
1	1	1.5
2	1	1.5
3	1	1.5
4	1	1.5
5	1	1.5
6	1	1.5
7	1	1.5
8	1	1.5
9	1	1.5
10	1	1.5
11	1	1.5
12	1	1.5
13	1	1.5
14	1	1.5
15	1	1.5
16	1	1.5
17	1	1.5
18	1	1.5
19	1	1.5
20	1	1.5
21	1	1.5
22	1	1.5
23	1	1.5
24	1	1.5
25	1	1.5
26	1	1.5
27	1	1.5
28	1	1.5
29	1	1.5
30	1	1.5
31	1	1.5
32	1	1.5
33	1	1.5
34	1	1.5
35	1	1.5
36	1	1.5
37	1	1.5
38	1	1.5
39	1	1.5
40	1	1.5
41	1	1.5
42	1	1.5
43	1	1.5
44	1	1.5
45	1	1.5
46	1	1.5
47	1	1.5
48	1	1.5
49	1	1.5
50	1	1.5
51	1	1.5
52	1	1.5
53	1	1.5
54	1	1.5
55	1	1.5
56	1	1.5
57	1	1.5
58	1	1.5
59	1	1.5
60	1	1.5
61	1	1.5
62	1	1.5
63	1	1.5
64	1	1.5
65	1	1.5
66	1	1.5
67	1	1.5
68	1	1.5
69	1	1.5
70	1	1.5
71	1	1.5
72	1	1.5
73	1	1.5
74	1	1.5
75	1	1.5
76	1	1.5
77	1	1.5
78	1	1.5
79	1	1.5
80	1	1.5
81	1	1.5
82	1	1.5
83	1	1.5
84	1	1.5
85	1	1.5
86	1	1.5
87	1	1.5
88	1	1.5
89	1	1.5
90	1	1.5
91	1	1.5
92	1	1.5
93	1	1.5
94	1	1.5
95	1	1.5
96	1	1.5
97	1	1.5
98	1	1.5
99	1	1.5
100	1	1.5
101	1	1.5
102	1	1.5
103	1	1.5
104	1	1.5
105	1	1.5
106	1	1.5
107	1	1.5
108	1	1.5
109	1	1.5
110	1	1.5
111	1	1.5
112	1	1.5
113	1	1.5
114	1	1.5
115	1	1.5
116	1	1.5
117	1	1.5
118	1	1.5
119	1	1.5
120	1	1.5
121	1	1.5
122	1	1.5
123	1	1.5
124	1	1.5
125	1	1.5
126	1	1.5
127	1	1.5
128	1	1.5
129	1	1.5
130	1	1.5
131	1	1.5
132	1	1.5
133	1	1.5
134	1	1.5
135	1	1.5
136	1	1.5
137	1	1.5
138	1	1.5
139	1	1.5
140	1	1.5
141	1	1.5
142	1	1.5
143	1	1.5
144	1	1.5
145	1	1.5
146	1	1.5
147	1	1.5
148	1	1.5
149	1	1.5
150	1	1.5
151	1	1.5
152	1	1.5
153	1	1.5
154	1	1.5
155	1	1.5
156	1	1.5
157	1	1.5
0	2	1.5
1	2	1.5
2	2	1.5
3	2	1.5
4	2	1.5
5	2	1.5
6	2	1.5
7	2	1.5
8	2	1.5
9	2	1.5
10	2	1.5
11	2	1.5
12	2	1.5
13	2	1.5
14	2	1.5
15	2	1.5
16	2	1.5
17	2	1.5
18	2	1.5
19	2	1.5
20	2	1.5
21	2	1.5
22	2	1.5
23	2	1.5
24	2	1.5
25	2	1.5
26	2	1.5
27	2	1.5
28	2	1.5
29	2	1.5
30	2	1.5
31	2	1.5
32	2	1.5
33	2	1.5
34	2	1.5
35	2	1.5
36	2	1.5
37	2	1.5
38	2	1.5
39	2	1.5
40	2	1.5
41	2	1.5
42	2	1.5
43	2	1.5
44	2	1.5
45	2	1.5
46	2	1.5
47	2	1.5
48	2	1.5
49	2	1.5
50	2	1.5
51	2	1.5
52	2	1.5
53	2	1.5
54	2	1.5
55	2	1.5
56	2	1.5
57	2	1.5
58	2	1.5
59	2	1.5
60	2	1.5
61	2	1.5
62	2	1.5
63	2	1.5
64	2	1.5
65	2	1.5
66	2	1.5
67	2	1.5
68	2	1.5
69	2	1.5
70	2	1.5
71	2	1.5
72	2	1.5
73	2	1.5
74	2	1.5
75	2	1.5
76	2	1.5
77	2	1.5
78	2	1.5
79	2	1.5
80	2	1.5
81	2	1.5
82	2	1.5
83	2	1.5
84	2	1.5
85	2	1.5
86	2	1.5
87	2	1.5
88	2	1.5
89	2	1.5
90	2	1.5
91	2	1.5
92	2	1.5
93	2	1.5
94	2	1.5
95	2	1.5
96	2	1.5
97	2	1.5
98	2	1.5
99	2	1.5
100	2	1.5
101	2	1.5
102	2	1.5
103	2	1.5
104	2	1.5
105	2	1.5
106	2	1.5
107	2	1.5
108	2	1.5
109	2	1.5
110	2	1.5
111	2	1.5
112	2	1.5
113	2	1.5
114	2	1.5
115	2	1.5
116	2	1.5
117	2	1.5
118	2	1.5
119	2	1.5
120	2	1.5
121	2	1.5
122	2	1.5
123	2	1.5
124	2	1.5
125	2	1.5
126	2	1.5
127	2	1.5
128	2	1.5
129	2	1.5
130	2	1.5
131	2	1.5
132	2	1.5
133	2	1.5
134	2	1.5
135	2	1.5
136	2	1.5
137	2	1.5
138	2	1.5
139	2	1.5
140	2	1.5
141	2	1.5
142	2	1.5
143	2	1.5
144	2	1.5
145	2	1.5
146	2	1.5
147	2	1.5
148	2	1.5
149	2	1.5
150	2	1.5
151	2	1.5
152	2	1.5
153	2	1.5
154	2	1.5
155	2	1.5
156	2	1.5
157	2	1.5
0	3	1.5
1	3	1.5
2	3	1.5
3	3	1.5
4	3	1.5
5	3	1.5
6	3	1.5
7	3	1.5
8	3	1.5
9	3	1.5
10	3	1.5
11	3	1.5
12	3	1.5
13	3	1.5
14	3	1.5
15	3	1.5
16	3	1.5
17	3	1.5
18	3	1.5
19	3	1.5
20	3	1.5
21	3	1.5
22	3	1.5
23	3	1.5
24	3	1.5
25	3	1.5
26	3	1.5
27	3	1.5
28	3	1.5
29	3	1.5
30	3	1.5
31	3	1.5
32	3	1.5
33	3	1.5
34	3	1.5
35	3	1.5
36	3	1.5
37	3	1.5
38	3	1.5
39	3	1.5
40	3	1.5
41	3	1.5
42	3	1.5
43	3	1.5
44	3	1.5
45	3	1.5
46	3	1.5
47	3	1.5
48	3	1.5
49	3	1.5
50	3	1.5
51	3	1.5
52	3	1.5
53	3	1.5
54	3	1.5
55	3	1.5
56	3	1.5
57	3	1.5
58	3	1.5
59	3	1.5
60	3	1.5
61	3	1.5
62	3	1.5
63	3	1.5
64	3	1.5
65	3	1.5
66	3	1.5
67	3	1.5
68	3	1.5
69	3	1.5
70	3	1.5
71	3	1.5
72	3	1.5
73	3	1.5
74	3	1.5
75	3	1.5
76	3	1.5
77	3	1.5
78	3	1.5
79	3	1.5
80	3	1.5
81	3	1.5
82	3	1.5
83	3	1.5
84	3	1.5
85	3	1.5
86	3	1.5
87	3	1.5
88	3	1.5
89	3	1.5
90	3	1.5
91	3	1.5
92	3	1.5
93	3	1.5
94	3	1.5
95	3	1.5
96	3	1.5
97	3	1.5
98	3	1.5
99	3	1.5
100	3	1.5
101	3	1.5
102	3	1.5
103	3	1.5
104	3	1.5
105	3	1.5
106	3	1.5
107	3	1.5
108	3	1.5
109	3	1.5
110	3	1.5
111	3	1.5
112	3	1.5
113	3	1.5
114	3	1.5
115	3	1.5
116	3	1.5
117	3	1.5
118	3	1.5
119	3	1.5
120	3	1.5
121	3	1.5
122	3	1.5
123	3	1.5
124	3	1.5
125	3	1.5
126	3	1.5
127	3	1.5
128	3	1.5
129	3	1.5
130	3	1.5
131	3	1.5
132	3	1.5
133	3	1.5
134	3	1.5
135	3	1.5
136	3	1.5
137	3	1.5
138	3	1.5
139	3	1.5
140	3	1.5
141	3	1.5
142	3	1.5
143	3	1.5
144	3	1.5
145	3	1.5
146	3	1.5
147	3	1.5
148	3	1.5
149	3	1.5
150	3	1.5
151	3	1.5
152	3	1.5
153	3	1.5
154	3	1.5
155	3	1.5
156	3	1.5
157	3	1.5
0	4	1.5
1	4	1.5
2	4	1.5
3	4	1.5
4	4	1.5
5	4	1.5
6	4	1.5
7	4	1.5
8	4	1.5
9	4	1.5
10	4	1.5
11	4	1.5
12	4	1.5
13	4	1.5
14	4	1.5
15	4	1.5
16	4	1.5
17	4	1.5
18	4	1.5
19	4	1.5
20	4	1.5
21	4	1.5
22	4	1.5
23	4	1.5
24	4	1.5
25	4	1.5
26	4	1.5
27	4	1.5
28	4	1.5
29	4	1.5
30	4	1.5
31	4	1.5
32	4	1.5
33	4	1.5
34	4	1.5
35	4	1.5
36	4	1.5
37	4	1.5
38	4	1.5
39	4	1.5
40	4	1.5
41	4	1.5
42	4	1.5
43	4	1.5
44	4	1.5
45	4	1.5
46	4	1.5
47	4	1.5
48	4	1.5
49	4	1.5
50	4	1.5
51	4	1.5
52	4	1.5
53	4	1.5
54	4	1.5
55	4	1.5
56	4	1.5
57	4	1.5
58	4	1.5
59	4	1.5
60	4	1.5
61	4	1.5
62	4	1.5
63	4	1.5
64	4	1.5
65	4	1.5
66	4	1.5
67	4	1.5
68	4	1.5
69	4	1.5
70	4	1.5
71	4	1.5
72	4	1.5
73	4	1.5
74	4	1.5
75	4	1.5
76	4	1.5
77	4	1.5
78	4	1.5
79	4	1.5
80	4	1.5
81	4	1.5
82	4	1.5
83	4	1.5
84	4	1.5
85	4	1.5
86	4	1.5
87	4	1.5
88	4	1.5
89	4	1.5
90	4	1.5
91	4	1.5
92	4	1.5
93	4	1.5
94	4	1.5
95	4	1.5
96	4	1.5
97	4	1.5
98	4	1.5
99	4	1.5
100	4	1.5
101	4	1.5
102	4	1.5
103	4	1.5
104	4	1.5
105	4	1.5
106	4	1.5
107	4	1.5
108	4	1.5
109	4	1.5
110	4	1.5
111	4	1.5
112	4	1.5
113	4	1.5
114	4	1.5
115	4	1.5
116	4	1.5
117	4	1.5
118	4	1.5
119	4	1.5
120	4	1.5
121	4	1.5
122	4	1.5
123	4	1.5
124	4	1.5
125	4	1.5
126	4	1.5
127	4	1.5
128	4	1.5
129	4	1.5
130	4	1.5
131	4	1.5
132	4	1.5
133	4	1.5
134	4	1.5
135	4	1.5
136	4	1.5
137	4	1.5
138	4	1.5
139	4	1.5
140	4	1.5
141	4	1.5
142	4	1.5
143	4	1.5
144	4	1.5
145	4	1.5
146	4	1.5
147	4	1.5
148	4	1.5
149	4	1.5
150	4	1.5
151	4	1.5
152	4	1.5
153	4	1.5
154	4	1.5
155	4	1.5
156	4	1.5
157	4	1.5
0	5	1.5
1	5	1.5
2	5	1.5
3	5	1.5
4	5	1.5
5	5	1.5
6	5	1.5
7	5	1.5
8	5	1.5
9	5	1.5
10	5	1.5
11	5	1.5
12	5	1.5
13	5	1.5
14	5	1.5
15	5	1.5
16	5	1.5
17	5	1.5
18	5	1.5
19	5	1.5
20	5	1.5
21	5	1.5
22	5	1.5
23	5	1.5
24	5	1.5
25	5	1.5
26	5	1.5
27	5	1.5
28	5	1.5
29	5	1.5
30	5	1.5
31	5	1.5
32	5	1.5
33	5	1.5
34	5	1.5
35	5	1.5
36	5	1.5
37	5	1.5
38	5	1.5
39	5	1.5
40	5	1.5
41	5	1.5
42	5	1.5
43	5	1.5
44	5	1.5
45	5	1.5
46	5	1.5
47	5	1.5
48	5	1.5
49	5	1.5
50	5	1.5
51	5	1.5
52	5	1.5
53	5	1.5
54	5	1.5
55	5	1.5
56	5	1.5
57	5	1.5
58	5	1.5
59	5	1.5
60	5	1.5
61	5	1.5
62	5	1.5
63	5	1.5
64	5	1.5
65	5	1.5
66	5	1.5
67	5	1.5
68	5	1.5
69	5	1.5
70	5	1.5
71	5	1.5
72	5	1.5
73	5	1.5
74	5	1.5
75	5	1.5
76	5	1.5
77	5	1.5
78	5	1.5
79	5	1.5
80	5	1.5
81	5	1.5
82	5	1.5
83	5	1.5
84	5	1.5
85	5	1.5
86	5	1.5
87	5	1.5
88	5	1.5
89	5	1.5
90	5	1.5
91	5	1.5
92	5	1.5
93	5	1.5
94	5	1.5
95	5	1.5
96	5	1.5
97	5	1.5
98	5	1.5
99	5	1.5
100	5	1.5
101	5	1.5
102	5	1.5
103	5	1.5
104	5	1.5
105	5	1.5
106	5	1.5
107	5	1.5
108	5	1.5
109	5	1.5
110	5	1.5
111	5	1.5
112	5	1.5
113	5	1.5
114	5	1.5
115	5	1.5
116	5	1.5
117	5	1.5
118	5	1.5
119	5	1.5
120	5	1.5
121	5	1.5
122	5	1.5
123	5	1.5
124	5	1.5
125	5	1.5
126	5	1.5
127	5	1.5
128	5	1.5
129	5	1.5
130	5	1.5
131	5	1.5
132	5	1.5
133	5	1.5
134	5	1.5
135	5	1.5
136	5	1.5
137	5	1.5
138	5	1.5
139	5	1.5
140	5	1.5
141	5	1.5
142	5	1.5
143	5	1.5
144	5	1.5
145	5	1.5
146	5	1.5
147	5	1.5
148	5	1.5
149	5	1.5
150	5	1.5
151	5	1.5
152	5	1.5
153	5	1.5
154	5	1.5
155	5	1.5
156	5	1.5
157	5	1.5
0	6	1.5
1	6	1.5
2	6	1.5
3	6	1.5
4	6	1.5
5	6	1.5
6	6	1.5
7	6	1.5
8	6	1.5
9	6	1.5
10	6	1.5
11	6	1.5
12	6	1.5
13	6	1.5
14	6	1.5
15	6	1.5
16	6	1.5
17	6	1.5
18	6	1.5
19	6	1.5
20	6	1.5
21	6	1.5
22	6	1.5
23	6	1.5
24	6	1.5
25	6	1.5
26	6	1.5
27	6	1.5
28	6	1.5
29	6	1.5
30	6	1.5
31	6	1.5
32	6	1.5
33	6	1.5
34	6	1.5
35	6	1.5
36	6	1.5
37	6	1.5
38	6	1.5
39	6	1.5
40	6	1.5
41	6	1.5
42	6	1.5
43	6	1.5
44	6	1.5
45	6	1.5
46	6	1.5
47	6	1.5
48	6	1.5
49	6	1.5
50	6	1.5
51	6	1.5
52	6	1.5
53	6	1.5
54	6	1.5
55	6	1.5
56	6	1.5
57	6	1.5
58	6	1.5
59	6	1.5
60	6	1.5
61	6	1.5
62	6	1.5
63	6	1.5
64	6	1.5
65	6	1.5
66	6	1.5
67	6	1.5
68	6	1.5
69	6	1.5
70	6	1.5
71	6	1.5
72	6	1.5
73	6	1.5
74	6	1.5
75	6	1.5
76	6	1.5
77	6	1.5
78	6	1.5
79	6	1.5
80	6	1.5
81	6	1.5
82	6	1.5
83	6	1.5
84	6	1.5
85	6	1.5
86	6	1.5
87	6	1.5
88	6	1.5
89	6	1.5
90	6	1.5
91	6	1.5
92	6	1.5
93	6	1.5
94	6	1.5
95	6	1.5
96	6	1.5
97	6	1.5
98	6	1.5
99	6	1.5
100	6	1.5
101	6	1.5
102	6	1.5
103	6	1.5
104	6	1.5
105	6	1.5
106	6	1.5
107	6	1.5
108	6	1.5
109	6	1.5
110	6	1.5
111	6	1.5
112	6	1.5
113	6	1.5
114	6	1.5
115	6	1.5
116	6	1.5
117	6	1.5
118	6	1.5
119	6	1.5
120	6	1.5
121	6	1.5
122	6	1.5
123	6	1.5
124	6	1.5
125	6	1.5
126	6	1.5
127	6	1.5
128	6	1.5
129	6	1.5
130	6	1.5
131	6	1.5
132	6	1.5
133	6	1.5
134	6	1.5
135	6	1.5
136	6	1.5
137	6	1.5
138	6	1.5
139	6	1.5
140	6	1.5
141	6	1.5
142	6	1.5
143	6	1.5
144	6	1.5
145	6	1.5
146	6	1.5
147	6	1.5
148	6	1.5
149	6	1.5
150	6	1.5
151	6	1.5
152	6	1.5
153	6	1.5
154	6	0
155	6	0
156	6	0
157	6	0
127	17	2
128	17	2
129	17	2
130	17	2
131	17	2
132	17	2
133	17	2
134	17	2
135	17	2
136	17	2
137	17	2
138	17	2
139	17	2
140	17	2
141	17	2
142	17	2
143	17	2
144	17	2
145	17	2
146	17	2
147	17	2
148	17	2
149	17	2
150	17	2
151	17	2
152	17	2
153	17	2
154	17	2
155	17	2
156	17	2
157	17	2
0	19	1.5
1	19	1.5
2	19	1.5
3	19	1.5
4	19	1.5
5	19	1.5
6	19	1.5
7	19	1.5
8	19	1.5
9	19	1.5
10	19	1.5
11	19	1.5
12	19	1.5
13	19	1.5
14	19	1.5
15	19	1.5
16	19	1.5
17	19	1.5
18	19	1.5
19	19	1.5
20	19	1.5
21	19	1.5
22	19	1.5
23	19	1.5
24	19	1.5
25	19	1.5
26	19	1.5
27	19	1.5
28	19	1.5
29	19	1.5
30	19	1.5
31	19	1.5
32	19	1.5
33	19	1.5
34	19	1.5
35	19	1.5
36	19	1.5
37	19	1.5
38	19	1.5
39	19	1.5
40	19	1.5
41	19	1.5
42	19	1.5
43	19	1.5
44	19	1.5
45	19	1.5
46	19	1.5
47	19	1.5
48	19	1.5
49	19	1.5
50	19	1.5
51	19	1.5
52	19	1.5
53	19	1.5
54	19	1.5
55	19	1.5
56	19	1.5
57	19	1.5
58	19	1.5
59	19	1.5
60	19	1.5
61	19	1.5
62	19	1.5
63	19	1.5
64	19	1.5
65	19	1.5
66	19	1.5
67	19	1.5
68	19	1.5
69	19	1.5
70	19	1.5
71	19	1.5
72	19	1.5
73	19	1.5
74	19	1.5
75	19	1.5
76	19	1.5
77	19	1.5
78	19	1.5
79	19	1.5
80	19	1.5
81	19	1.5
82	19	1.5
83	19	1.5
84	19	1.5
85	19	1.5
86	19	1.5
87	19	1.5
88	19	1.5
89	19	1.5
90	19	1.5
91	19	1.5
92	19	1.5
93	19	1.5
94	19	1.5
95	19	0
96	19	0
97	19	0
98	19	0
99	19	0
100	19	0
101	19	0
102	19	0
103	19	0
104	19	0
105	19	0
106	19	0
107	19	0
108	19	0
109	19	0
110	19	0
111	19	0
112	19	0
113	19	0
114	19	2
115	19	2
116	19	2
117	19	2
118	19	2
119	19	2
120	19	2
121	19	2
122	19	2
123	19	2
124	19	2
125	19	2
126	19	2
127	19	2
128	19	2
129	19	2
130	19	2
131	19	2
132	19	2
133	19	2
134	19	2
135	19	2
136	19	2
137	19	2
138	19	2
139	19	2
140	19	2
141	19	2
142	19	2
143	19	2
144	19	2
145	19	2
146	19	2
147	19	2
148	19	2
149	19	2
150	19	2
151	19	2
152	19	2
153	19	2
154	19	2
155	19	2
156	19	2
157	19	2
0	21	1.5
1	21	1.5
2	21	1.5
3	21	1.5
4	21	1.5
5	21	1.5
6	21	1.5
7	21	1.5
8	21	1.5
9	21	1.5
10	21	1.5
11	21	1.5
12	21	1.5
13	21	1.5
14	21	1.5
15	21	1.5
16	21	1.5
17	21	1.5
18	21	1.5
19	21	1.5
20	21	1.5
21	21	1.5
22	21	1.5
23	21	1.5
24	21	1.5
25	21	1.5
26	21	1.5
27	21	1.5
28	21	1.5
29	21	1.5
30	21	1.5
31	21	1.5
32	21	1.5
33	21	1.5
34	21	1.5
35	21	1.5
36	21	1.5
37	21	1.5
38	21	1.5
39	21	1.5
40	21	1.5
41	21	1.5
42	21	1.5
43	21	1.5
44	21	1.5
45	21	1.5
46	21	1.5
47	21	1.5
48	21	1.5
49	21	1.5
50	21	1.5
51	21	1.5
52	21	1.5
53	21	1.5
54	21	1.5
55	21	1.5
56	21	1.5
57	21	1.5
58	21	1.5
59	21	1.5
60	21	1.5
61	21	1.5
62	21	1.5
63	21	1.5
64	21	1.5
65	21	1.5
66	21	1.5
67	21	1.5
68	21	1.5
69	21	1.5
70	21	1.5
71	21	1.5
72	21	1.5
73	21	1.5
74	21	1.5
75	21	1.5
76	21	1.5
77	21	1.5
78	21	1.5
79	21	1.5
80	21	1.5
81	21	1.5
82	21	1.5
83	21	0
84	21	0
85	21	0
86	21	0
87	21	0
88	21	0
89	21	0
90	21	0
91	21	0
92	21	0
93	21	0
94	21	0
95	21	0
96	21	0
97	21	0
98	21	0
99	21	0
100	21	0
101	21	0
102	21	0
103	21	2
104	21	2
105	21	2
106	21	2
107	21	2
108	21	2
109	21	2
110	21	2
111	21	2
112	21	2
113	21	2
114	21	2
115	21	2
116	21	2
117	21	2
118	21	2
119	21	2
120	21	2
121	21	2
122	21	2
123	21	2
124	21	2
125	21	2
126	21	2
127	21	2
128	21	2
129	21	2
130	21	2
131	21	2
132	21	2
133	21	2
134	21	2
135	21	2
136	21	2
137	21	2
138	21	2
139	21	2
140	21	2
141	21	2
142	21	2
143	21	2
144	21	2
145	21	2
146	21	2
147	21	2
148	21	2
149	21	2
150	21	2
151	21	2
152	21	2
153	21	2
154	21	2
155	21	2
156	21	2
157	21	2
0	23	1.5
1	23	1.5
2	23	1.5
3	23	1.5
4	23	1.5
5	23	1.5
6	23	1.5
7	23	1.5
8	23	1.5
9	23	1.5
10	23	1.5
11	23	1.5
12	23	1.5
13	23	1.5
14	23	1.5
15	23	1.5
16	23	1.5
17	23	1.5
18	23	1.5
19	23	1.5
20	23	1.5
21	23	1.5
22	23	1.5
23	23	1.5
24	23	1.5
25	23	1.5
26	23	1.5
27	23	1.5
28	23	1.5
29	23	1.5
30	23	1.5
31	23	1.5
32	23	1.5
33	23	1.5
34	23	1.5
35	23	1.5
36	23	1.5
37	23	1.5
38	23	1.5
39	23	1.5
40	23	1.5
41	23	1.5
42	23	1.5
43	23	1.5
44	23	1.5
45	23	1.5
46	23	1.5
47	23	1.5
48	23	1.5
49	23	1.5
50	23	1.5
51	23	1.5
52	23	1.5
53	23	1.5
54	23	1.5
55	23	1.5
56	23	1.5
57	23	1.5
58	23	1.5
59	23	1.5
60	23	1.5
61	23	1.5
62	23	1.5
63	23	1.5
64	23	1.5
65	23	1.5
66	23	1.5
67	23	1.5
68	23	1.5
69	23	0
70	23	0
71	23	0
72	23	0
73	23	0
74	23	0
75	23	0
76	23	0
77	23	0
78	23	0
79	23	0
80	23	0
81	23	0
82	23	0
83	23	0
84	23	0
85	23	0
86	23	0
87	23	0
88	23	0
89	23	0
90	23	0
91	23	0
92	23	2
93	23	2
94	23	2
95	23	2
96	23	2
97	23	2
98	23	2
99	23	2
100	23	2
101	23	2
102	23	2
103	23	2
104	23	2
105	23	2
106	23	2
107	23	2
108	23	2
109	23	2
110	23	2
111	23	2
112	23	2
113	23	2
114	23	2
115	23	2
116	23	2
117	23	2
118	23	2
119	23	2
120	23	2
121	23	2
122	23	2
123	23	2
124	23	2
125	23	2
126	23	2
127	23	2
128	23	2
129	23	2
130	23	2
131	23	2
132	23	2
133	23	2
134	23	2
135	23	2
136	23	2
137	23	2
138	23	2
139	23	2
140	23	2
141	23	2
142	23	2
143	23	2
144	23	2
145	23	2
146	23	2
147	23	2
148	23	2
149	23	2
150	23	2
151	23	2
152	23	2
153	23	2
154	23	2
155	23	2
156	23	2
157	23	2
0	25	1.5
1	25	1.5
2	25	1.5
3	25	1.5
4	25	1.5
5	25	1.5
6	25	1.5
7	25	1.5
8	25	1.5
9	25	1.5
10	25	1.5
11	25	1.5
12	25	1.5
13	25	1.5
14	25	1.5
15	25	1.5
16	25	1.5
17	25	1.5
18	25	1.5
19	25	1.5
20	25	1.5
21	25	1.5
22	25	1.5
23	25	1.5
24	25	1.5
25	25	1.5
26	25	1.5
27	25	1.5
28	25	1.5
29	25	1.5
30	25	1.5
31	25	1.5
32	25	1.5
33	25	1.5
34	25	1.5
35	25	1.5
36	25	1.5
37	25	1.5
38	25	1.5
39	25	1.5
40	25	1.5
41	25	1.5
42	25	1.5
43	25	1.5
44	25	1.5
45	25	1.5
46	25	1.5
47	25	1.5
48	25	1.5
49	25	1.5
50	25	1.5
51	25	1.5
52	25	0
53	25	0
54	25	0
55	25	0
56	25	0
57	25	0
58	25	0
59	25	0
60	25	0
61	25	0
62	25	0
63	25	0
64	25	0
65	25	0
66	25	0
67	25	0
68	25	0
69	25	0
70	25	0
71	25	0
72	25	0
73	25	0
74	25	0
75	25	0
76	25	0
77	25	0
78	25	0
79	25	0
80	25	2
81	25	2
82	25	2
83	25	2
84	25	2
85	25	2
86	25	2
87	25	2
88	25	2
89	25	2
90	25	2
91	25	2
92	25	2
93	25	2
94	25	2
95	25	2
96	25	2
97	25	2
98	25	2
99	25	2
100	25	2
101	25	2
102	25	2
103	25	2
104	25	2
105	25	2
106	25	2
107	25	2
108	25	2
109	25	2
110	25	2
111	25	2
112	25	2
113	25	2
114	25	2
115	25	2
116	25	2
117	25	2
118	25	2
119	25	2
120	25	2
121	25	2
122	25	2
123	25	2
124	25	2
125	25	2
126	25	2
127	25	2
128	25	2
129	25	2
130	25	2
131	25	2
132	25	2
133	25	2
134	25	2
135	25	2
136	25	2
137	25	2
138	25	2
139	25	2
140	25	2
141	25	2
142	25	2
143	25	2
144	25	2
145	25	2
146	25	2
147	25	2
148	25	2
149	25	2
150	25	2
151	25	2
152	25	2
153	25	2
154	25	2
155	25	2
156	25	2
157	25	2
0	27	1.5
1	27	1.5
2	27	1.5
3	27	1.5
4	27	1.5
5	27	1.5
6	27	1.5
7	27	1.5
8	27	1.5
9	27	1.5
10	27	1.5
11	27	1.5
12	27	1.5
13	27	1.5
14	27	1.5
15	27	1.5
16	27	1.5
17	27	1.5
18	27	1.5
19	27	1.5
20	27	1.5
21	27	1.5
22	27	1.5
23	27	0
24	27	0
25	27	0
26	27	0
27	27	0
28	27	0
29	27	0
30	27	0
31	27	0
32	27	0
33	27	0
34	27	0
35	27	0
36	27	1.5
37	27	0
38	27	0
39	27	0
40	27	0
41	27	0
42	27	0
43	27	0
44	27	0
45	27	0
46	27	0
47	27	0
48	27	0
49	27	0
50	27	0
51	27	0
52	27	0
53	27	0
54	27	0
55	27	0
56	27	0
57	27	0
58	27	0
59	27	0
60	27	0
61	27	0
62	27	0
63	27	0
64	27	0
65	27	0
66	27	2
67	27	2
68	27	2
69	27	2
70	27	2
71	27	2
72	27	2
73	27	2
74	27	2
75	27	2
76	27	2
77	27	2
78	27	2
79	27	2
80	27	2
81	27	2
82	27	2
83	27	2
84	27	2
85	27	2
86	27	2
87	27	2
88	27	2
89	27	2
90	27	2
91	27	2
92	27	2
93	27	2
94	27	2
95	27	2
96	27	2
97	27	2
98	27	2
99	27	2
100	27	2
101	27	2
102	27	2
103	27	2
104	27	2
105	27	2
106	27	2
107	27	2
108	27	2
109	27	2
110	27	2
111	27	2
112	27	2
113	27	2
114	27	2
115	27	2
116	27	2
117	27	2
118	27	2
119	27	2
120	27	2
121	27	2
122	27	2
123	27	2
124	27	2
125	27	2
126	27	2
127	27	2
128	27	2
129	27	2
130	27	2
131	27	2
132	27	2
133	27	2
134	27	2
135	27	2
136	27	2
137	27	2
138	27	2
139	27	2
140	27	2
141	27	2
142	27	2
143	27	2
144	27	2
145	27	2
146	27	2
147	27	2
148	27	2
149	27	2
150	27	2
151	27	2
152	27	2
153	27	2
154	27	2
155	27	2
156	27	2
157	27	2
0	29	0
1	29	0
2	29	0
3	29	0
4	29	0
5	29	0
6	29	0
7	29	0
8	29	0
9	29	0
10	29	0
11	29	0
12	29	0
13	29	0
14	29	0
15	29	0
16	29	0
17	29	0
18	29	0
19	29	0
20	29	0
21	29	0
22	29	0
23	29	0
24	29	0
25	29	0
26	29	0
27	29	0
28	29	0
29	29	0
30	29	0
31	29	0
32	29	0
33	29	0
34	29	0
35	29	0
36	29	0
37	29	0
38	29	0
39	29	0
40	29	0
41	29	0
42	29	0
43	29	0
44	29	0
45	29	0
46	29	0
47	29	2
48	29	2
49	29	2
50	29	2
51	29	2
52	29	2
53	29	2
54	29	2
55	29	2
56	29	2
57	29	2
58	29	2
59	29	2
60	29	2
61	29	2
62	29	2
63	29	2
64	29	2
65	29	2
66	29	2
67	29	2
68	29	2
69	29	2
70	29	2
71	29	2
72	29	2
73	29	2
74	29	2
75	29	2
76	29	2
77	29	2
78	29	2
79	29	2
80	29	2
81	29	2
82	29	2
83	29	2
84	29	2
85	29	2
86	29	2
87	29	2
88	29	2
89	29	2
90	29	2
91	29	2
92	29	2
93	29	2
94	29	2
95	29	2
96	29	2
97	29	2
98	29	2
99	29	2
100	29	2
101	29	2
102	29	2
103	29	2
104	29	2
105	29	2
106	29	2
107	29	2
108	29	2
109	29	2
110	29	2
111	29	2
112	29	2
113	29	2
114	29	2
115	29	2
116	29	2
117	29	2
118	29	2
119	29	2
120	29	2
121	29	2
122	29	2
123	29	2
124	29	2
125	29	2
126	29	2
127	29	2
128	29	2
129	29	2
130	29	2
131	29	2
132	29	2
133	29	2
134	29	2
135	29	2
136	29	2
137	29	2
138	29	2
139	29	2
140	29	2
141	29	2
142	29	2
143	29	2
144	29	2
145	29	2
146	29	2
147	29	2
148	29	2
149	29	2
150	29	2
151	29	2
152	29	2
153	29	2
154	29	2
155	29	2
156	29	2
157	29	2
0	31	2
1	31	2
2	31	2
3	31	2
4	31	2
5	31	2
6	31	2
7	31	2
8	31	2
9	31	2
10	31	2
11	31	2
12	31	2
13	31	2
14	31	2
15	31	2
16	31	2
17	31	2
18	31	2
19	31	2
20	31	2
21	31	2
22	31	2
23	31	2
24	31	2
25	31	2
26	31	2
27	31	2
28	31	2
29	31	2
30	31	2
31	31	2
32	31	2
33	31	2
34	31	2
35	31	2
36	31	2
37	31	2
38	31	2
39	31	2
40	31	2
41	31	2
42	31	2
43	31	2
44	31	2
45	31	2
46	31	2
47	31	2
48	31	2
49	31	2
50	31	2
51	31	2
52	31	2
53	31	2
54	31	2
55	31	2
56	31	2
57	31	2
58	31	2
59	31	2
60	31	2
61	31	2
62	31	2
63	31	2
64	31	2
65	31	2
66	31	2
67	31	2
68	31	2
69	31	2
70	31	2
71	31	2
72	31	2
73	31	2
74	31	2
75	31	2
76	31	2
77	31	2
78	31	2
79	31	2
80	31	2
81	31	2
82	31	2
83	31	2
84	31	2
85	31	2
86	31	2
87	31	2
88	31	2
89	31	2
90	31	2
91	31	2
92	31	2
93	31	2
94	31	2
95	31	2
96	31	2
97	31	2
98	31	2
99	31	2
100	31	2
101	31	2
102	31	2
103	31	2
104	31	2
105	31	2
106	31	2
107	31	2
108	31	2
109	31	2
110	31	2
111	31	2
112	31	2
113	31	2
114	31	2
115	31	2
116	31	2
117	31	2
118	31	2
119	31	2
120	31	2
121	31	2
122	31	2
123	31	2
124	31	2
125	31	2
126	31	2
127	31	2
128	31	2
129	31	2
130	31	2
131	31	2
132	31	2
133	31	2
134	31	2
135	31	2
136	31	2
137	31	2
138	31	2
139	31	2
140	31	2
141	31	2
142	31	2
143	31	2
144	31	2
145	31	2
146	31	2
147	31	2
148	31	0
149	31	0
150	31	0
151	31	0
152	31	0
153	31	0
154	31	0
155	31	0
156	31	0
157	31	0
0	33	2
1	33	2
2	33	2
3	33	2
4	33	2
5	33	2
6	33	2
7	33	2
8	33	2
9	33	2
10	33	2
11	33	2
12	33	2
13	33	2
14	33	2
15	33	2
16	33	2
17	33	2
18	33	2
19	33	2
20	33	2
21	33	2
22	33	2
23	33	2
24	33	2
25	33	2
26	33	2
27	33	2
28	33	2
29	33	2
30	33	2
31	33	2
32	33	2
33	33	2
34	33	2
35	33	2
36	33	2
37	33	2
38	33	2
39	33	2
40	33	2
41	33	2
42	33	2
43	33	2
44	33	2
45	33	2
46	33	2
47	33	2
48	33	2
49	33	2
50	33	2
51	33	2
52	33	2
53	33	2
54	33	2
55	33	2
56	33	2
57	33	2
58	33	2
59	33	2
60	33	2
61	33	2
62	33	2
63	33	2
64	33	2
65	33	2
66	33	2
67	33	2
68	33	2
69	33	2
70	33	2
71	33	2
72	33	2
73	33	2
74	33	2
75	33	2
76	33	2
77	33	2
78	33	2
79	33	2
80	33	2
81	33	2
82	33	2
83	33	2
84	33	2
85	33	2
86	33	2
87	33	2
88	33	2
89	33	2
90	33	2
91	33	2
92	33	2
93	33	2
94	33	2
95	33	2
96	33	2
97	33	2
98	33	2
99	33	2
100	33	2
101	33	2
102	33	2
103	33	2
104	33	2
105	33	2
106	33	2
107	33	2
108	33	2
109	33	2
110	33	2
111	33	2
112	33	2
113	33	2
114	33	2
115	33	2
116	33	2
117	33	2
118	33	2
119	33	2
120	33	2
121	33	2
122	33	2
123	33	2
124	33	2
125	33	2
126	33	2
127	33	2
128	33	2
129	33	2
130	33	2
131	33	2
132	33	0
133	33	0
134	33	0
135	33	0
136	33	0
137	33	0
138	33	0
139	33	0
140	33	0
141	33	0
142	33	0
143	33	0
144	33	0
145	33	0
146	33	0
147	33	0
148	33	0
149	33	0
150	33	0
151	33	0
152	33	0
153	33	0
154	33	0
155	33	0
156	33	0
157	33	0
0	35	2
1	35	2
2	35	2
3	35	2
4	35	2
5	35	2
6	35	2
7	35	2
8	35	2
9	35	2
10	35	2
11	35	2
12	35	2
13	35	2
14	35	2
15	35	2
16	35	2
17	35	2
18	35	2
19	35	2
20	35	2
21	35	2
22	35	2
23	35	2
24	35	2
25	35	2
26	35	2
27	35	2
28	35	2
29	35	2
30	35	2
31	35	2
32	35	2
33	35	2
34	35	2
35	35	2
36	35	2
37	35	2
38	35	2
39	35	2
40	35	2
41	35	2
42	35	2
43	35	2
44	35	2
45	35	2
46	35	2
47	35	2
48	35	2
49	35	2
50	35	2
51	35	2
52	35	2
53	35	2
54	35	2
55	35	2
56	35	2
57	35	2
58	35	2
59	35	2
60	35	2
61	35	2
62	35	2
63	35	2
64	35	2
65	35	2
66	35	2
67	35	2
68	35	2
69	35	2
70	35	2
71	35	2
72	35	2
73	35	2
74	35	2
75	35	2
76	35	2
77	35	2
78	35	2
79	35	2
80	35	2
81	35	2
82	35	2
83	35	2
84	35	2
85	35	2
86	35	2
87	35	2
88	35	2
89	35	2
90	35	2
91	35	2
92	35	2
93	35	2
94	35	2
95	35	2
96	35	2
97	35	2
98	35	2
99	35	2
100	35	2
101	35	2
102	35	2
103	35	2
104	35	2
105	35	2
106	35	2
107	35	2
108	35	2
109	35	2
110	35	2
111	35	2
112	35	2
113	35	2
114	35	2
115	35	2
116	35	2
117	35	2
118	35	2
119	35	2
120	35	2
121	35	2.8
122	35	2.8
123	35	2.8
124	35	2.8
125	35	2.8
126	35	2.8
127	35	2.8
128	35	2.8
129	35	2.8
130	35	2.8
131	35	2.8
132	35	2.8
133	35	2.8
134	35	2.8
135	35	2.8
136	35	2.8
137	35	2.8
138	35	2.8
139	35	2.8
140	35	2.8
141	35	2.8
142	35	2.8
143	35	2.8
144	35	2.8
145	35	2.8
146	35	2.8
147	35	2.8
148	35	2.8
149	35	2.8
150	35	2.8
151	35	2.8
152	35	2.8
153	35	2.8
154	35	2.8
155	35	2.8
156	35	2.8
157	35	2.8
0	37	2
1	37	2
2	37	2
3	37	2
4	37	2
5	37	2
6	37	2
7	37	2
8	37	2
9	37	2
10	37	2
11	37	2
12	37	2
13	37	2
14	37	2
15	37	2
16	37	2
17	37	2
18	37	2
19	37	2
20	37	2
21	37	2
22	37	2
23	37	2
24	37	2
25	37	2
26	37	2
27	37	2
28	37	2
29	37	2
30	37	2
31	37	2
32	37	2
33	37	2
34	37	2
35	37	2
36	37	2
37	37	2
38	37	2
39	37	2
40	37	2
41	37	2
42	37	2
43	37	2
44	37	2
45	37	2
46	37	2
47	37	2
48	37	2
49	37	2
50	37	2
51	37	2
52	37	2
53	37	2
54	37	2
55	37	2
56	37	2
57	37	2
58	37	2
59	37	2
60	37	2
61	37	2
62	37	2
63	37	2
64	37	2
65	37	2
66	37	2
67	37	2
68	37	2
69	37	2
70	37	2
71	37	2
72	37	2
73	37	2
74	37	2
75	37	2
76	37	2
77	37	2
78	37	2
79	37	2
80	37	2
81	37	2
82	37	2
83	37	2
84	37	2
85	37	2
86	37	2
87	37	2
88	37	2
89	37	2
90	37	2
91	37	2
92	37	2
93	37	2
94	37	2
95	37	2
96	37	2
97	37	2
98	37	0
99	37	0
100	37	0
101	37	0
102	37	0
103	37	0
104	37	0
105	37	0
106	37	0
107	37	0
108	37	0
109	37	0
110	37	0
111	37	0
112	37	0
113	37	0
114	37	0
115	37	0
116	37	0
117	37	0
118	37	0
119	37	0
120	37	0
121	37	0
122	37	0
123	37	0
124	37	0
125	37	0
126	37	0
127	37	0
128	37	0
129	37	2.8
130	37	2.8
131	37	2.8
132	37	2.8
133	37	2.8
134	37	2.8
135	37	2.8
136	37	2.8
137	37	2.8
138	37	2.8
139	37	2.8
140	37	2.8
141	37	2.8
142	37	2.8
143	37	2.8
144	37	2.8
145	37	2.8
146	37	2.8
147	37	2.8
148	37	2.8
149	37	2.8
150	37	2.8
151	37	2.8
152	37	2.8
153	37	2.8
154	37	2.8
155	37	2.8
156	37	2.8
157	37	2.8
0	39	2
1	39	2
2	39	2
3	39	2
4	39	2
5	39	2
6	39	2
7	39	2
8	39	2
9	39	2
10	39	2
11	39	2
12	39	2
13	39	2
14	39	2
15	39	2
16	39	2
17	39	2
18	39	2
19	39	2
20	39	2
21	39	2
22	39	2
23	39	2
24	39	2
25	39	2
26	39	2
27	39	2
28	39	2
29	39	2
30	39	2
31	39	2
32	39	2
33	39	2
34	39	2
35	39	2
36	39	2
37	39	2
38	39	2
39	39	2
40	39	2
41	39	2
42	39	2
43	39	2
44	39	2
45	39	2
46	39	2
47	39	2
48	39	2
49	39	2
50	39	2
51	39	2
52	39	2
53	39	2
54	39	2
55	39	2
56	39	2
57	39	2
58	39	2
59	39	2
60	39	2
61	39	2
62	39	2
63	39	2
64	39	2
65	39	2
66	39	2
67	39	2
68	39	2
69	39	2
70	39	2
71	39	2
72	39	2
73	39	2
74	39	2
75	39	2
76	39	2
77	39	2
78	39	0
79	39	0
80	39	0
81	39	0
82	39	0
83	39	0
84	39	0
85	39	0
86	39	0
87	39	0
88	39	0
89	39	0
90	39	0
91	39	0
92	39	0
93	39	0
94	39	0
95	39	0
96	39	0
97	39	0
98	39	0
99	39	0
100	39	0
101	39	0
102	39	0
103	39	0
104	39	0
105	39	0
106	39	0
107	39	0
108	39	0
109	39	0
110	39	0
111	39	0
112	39	2.8
113	39	2.8
114	39	2.8
115	39	2.8
116	39	2.8
117	39	2.8
118	39	2.8
119	39	2.8
120	39	2.8
121	39	2.8
122	39	2.8
123	39	2.8
124	39	2.8
125	39	2.8
126	39	2.8
127	39	2.8
128	39	2.8
129	39	2.8
130	39	2.8
131	39	2.8
132	39	2.8
133	39	2.8
134	39	2.8
135	39	2.8
136	39	2.8
137	39	2.8
138	39	2.8
139	39	2.8
140	39	2.8
141	39	2.8
142	39	2.8
143	39	2.8
144	39	2.8
145	39	2.8
146	39	2.8
147	39	2.8
148	39	2.8
149	39	2.8
150	39	2.8
151	39	2.8
152	39	2.8
153	39	2.8
154	39	2.8
155	39	2.8
156	39	2.8
157	39	2.8
0	41	2
1	41	2
2	41	2
3	41	2
4	41	2
5	41	2
6	41	2
7	41	2
8	41	2
9	41	2
10	41	2
11	41	2
12	41	2
13	41	2
14	41	2
15	41	2
16	41	2
17	41	2
18	41	2
19	41	2
20	41	2
21	41	2
22	41	2
23	41	2
24	41	2
25	41	2
26	41	2
27	41	2
28	41	2
29	41	2
30	41	2
31	41	2
32	41	2
33	41	2
34	41	2
35	41	2
36	41	2
37	41	2
38	41	2
39	41	2
40	41	2
41	41	2
42	41	2
43	41	2
44	41	2
45	41	2
46	41	2
47	41	2
48	41	2
49	41	2
50	41	2
51	41	2
52	41	2
53	41	2
54	41	0
55	41	0
56	41	0
57	41	0
58	41	0
59	41	0
60	41	0
61	41	2
62	41	0
63	41	0
64	41	0
65	41	0
66	41	0
67	41	0
68	41	0
69	41	0
70	41	0
71	41	0
72	41	0
73	41	0
74	41	0
75	41	0
76	41	0
77	41	0
78	41	0
79	41	0
80	41	0
81	41	0
82	41	0
83	41	0
84	41	0
85	41	0
86	41	0
87	41	0
88	41	0
89	41	0
90	41	0
91	41	0
92	41	0
93	41	2.8
94	41	2.8
95	41	2.8
96	41	2.8
97	41	2.8
98	41	2.8
99	41	2.8
100	41	2.8
101	41	2.8
102	41	2.8
103	41	2.8
104	41	2.8
105	41	2.8
106	41	2.8
107	41	2.8
108	41	2.8
109	41	2.8
110	41	2.8
111	41	2.8
112	41	2.8
113	41	2.8
114	41	2.8
115	41	2.8
116	41	2.8
117	41	2.8
118	41	2.8
119	41	2.8
120	41	2.8
121	41	2.8
122	41	2.8
123	41	2.8
124	41	2.8
125	41	2.8
126	41	2.8
127	41	2.8
128	41	2.8
129	41	2.8
130	41	2.8
131	41	2.8
132	41	2.8
133	41	2.8
134	41	2.8
135	41	2.8
136	41	2.8
137	41	2.8
138	41	2.8
139	41	2.8
140	41	2.8
141	41	2.8
142	41	2.8
143	41	2.8
144	41	2.8
145	41	2.8
146	41	2.8
147	41	2.8
148	41	2.8
149	41	2.8
150	41	2.8
151	41	2.8
152	41	2.8
153	41	2.8
154	41	2.8
155	41	2.8
156	41	2.8
157	41	2.8
0	43	0
1	43	0
2	43	0
3	43	0
4	43	0
5	43	0
6	43	0
7	43	0
8	43	0
9	43	0
10	43	0
11	43	0
12	43	0
13	43	0
14	43	0
15	43	0
16	43	0
17	43	0
18	43	0
19	43	0
20	43	0
21	43	0
22	43	0
23	43	0
24	43	0
25	43	0
26	43	0
27	43	0
28	43	0
29	43	0
30	43	2
31	43	2
32	43	0
33	43	0
34	43	0
35	43	0
36	43	0
37	43	0
38	43	0
39	43	0
40	43	0
41	43	0
42	43	0
43	43	0
44	43	0
45	43	0
46	43	0
47	43	0
48	43	0
49	43	0
50	43	0
51	43	0
52	43	0
53	43	0
54	43	0
55	43	0
56	43	0
57	43	0
58	43	0
59	43	0
60	43	0
61	43	0
62	43	0
63	43	0
64	43	0
65	43	2.8
66	43	0
67	43	0
68	43	0
69	43	0
70	43	0
71	43	0
72	43	0
73	43	2.8
74	43	2.8
75	43	2.8
76	43	2.8
77	43	2.8
78	43	2.8
79	43	2.8
80	43	2.8
81	43	2.8
82	43	2.8
83	43	2.8
84	43	2.8
85	43	2.8
86	43	2.8
87	43	2.8
88	43	2.8
89	43	2.8
90	43	2.8
91	43	2.8
92	43	2.8
93	43	2.8
94	43	2.8
95	43	2.8
96	43	2.8
97	43	2.8
98	43	2.8
99	43	2.8
100	43	2.8
101	43	2.8
102	43	2.8
103	43	2.8
104	43	2.8
105	43	2.8
106	43	2.8
107	43	2.8
108	43	2.8
109	43	2.8
110	43	2.8
111	43	2.8
112	43	2.8
113	43	2.8
114	43	2.8
115	43	2.8
116	43	2.8
117	43	2.8
118	43	2.8
119	43	2.8
120	43	2.8
121	43	2.8
122	43	2.8
123	43	2.8
124	43	2.8
125	43	2.8
126	43	2.8
127	43	2.8
128	43	2.8
129	43	2.8
130	43	2.8
131	43	2.8
132	43	2.8
133	43	2.8
134	43	2.8
135	43	2.8
136	43	2.8
137	43	2.8
138	43	2.8
139	43	2.8
140	43	2.8
141	43	2.8
142	43	2.8
143	43	2.8
144	43	2.8
145	43	2.8
146	43	2.8
147	43	2.8
148	43	2.8
149	43	2.8
150	43	2.8
151	43	0
152	43	0
153	43	0
154	43	0
155	43	0
156	43	0
157	43	0
0	45	0
1	45	0
2	45	0
3	45	0
4	45	0
5	45	0
6	45	0
7	45	0
8	45	0
9	45	0
10	45	0
11	45	0
12	45	0
13	45	0
14	45	0
15	45	0
16	45	0
17	45	0
18	45	0
19	45	0
20	45	0
21	45	0
22	45	0
23	45	0
24	45	0
25	45	0
26	45	0
27	45	0
28	45	0
29	45	0
30	45	0
31	45	0
32	45	0
33	45	0
34	45	0
35	45	0
36	45	0
37	45	2.8
38	45	0
39	45	0
40	45	0
41	45	0
42	45	0
43	45	0
44	45	0
45	45	0
46	45	0
47	45	2.8
48	45	2.8
49	45	2.8
50	45	2.8
51	45	2.8
52	45	2.8
53	45	2.8
54	45	2.8
55	45	2.8
56	45	2.8
57	45	2.8
58	45	2.8
59	45	2.8
60	45	2.8
61	45	2.8
62	45	2.8
63	45	2.8
64	45	2.8
65	45	2.8
66	45	2.8
67	45	2.8
68	45	2.8
69	45	2.8
70	45	2.8
71	45	2.8
72	45	2.8
73	45	2.8
74	45	2.8
75	45	2.8
76	45	2.8
77	45	2.8
78	45	2.8
79	45	2.8
80	45	2.8
81	45	2.8
82	45	2.8
83	45	2.8
84	45	2.8
85	45	2.8
86	45	2.8
87	45	2.8
88	45	2.8
89	45	2.8
90	45	2.8
91	45	2.8
92	45	2.8
93	45	2.8
94	45	2.8
95	45	2.8
96	45	2.8
97	45	2.8
98	45	2.8
99	45	2.8
100	45	2.8
101	45	2.8
102	45	2.8
103	45	2.8
104	45	2.8
105	45	2.8
106	45	2.8
107	45	2.8
108	45	2.8
109	45	2.8
110	45	2.8
111	45	2.8
112	45	2.8
113	45	2.8
114	45	2.8
115	45	2.8
116	45	2.8
117	45	2.8
118	45	2.8
119	45	2.8
120	45	2.8
121	45	2.8
122	45	2.8
123	45	2.8
124	45	2.8
125	45	2.8
126	45	2.8
127	45	2.8
128	45	2.8
129	45	2.8
130	45	2.8
131	45	2.8
132	45	2.8
133	45	2.8
134	45	2.8
135	45	2.8
136	45	0
137	45	0
138	45	0
139	45	0
140	45	0
141	45	0
142	45	0
143	45	0
144	45	0
145	45	0
146	45	0
147	45	0
148	45	0
149	45	0
150	45	0
151	45	0
152	45	0
153	45	0
154	45	0
155	45	0
156	45	0
157	45	0
0	47	2.8
1	47	2.8
2	47	2.8
3	47	2.8
4	47	2.8
5	47	2.8
6	47	2.8
7	47	2.8
8	47	2.8
9	47	2.8
10	47	2.8
11	47	2.8
12	47	2.8
13	47	2.8
14	47	2.8
15	47	2.8
16	47	2.8
17	47	2.8
18	47	2.8
19	47	2.8
20	47	2.8
21	47	2.8
22	47	2.8
23	47	2.8
24	47	2.8
25	47	2.8
26	47	2.8
27	47	2.8
28	47	2.8
29	47	2.8
30	47	2.8
31	47	2.8
32	47	2.8
33	47	2.8
34	47	2.8
35	47	2.8
36	47	2.8
37	47	2.8
38	47	2.8
39	47	2.8
40	47	2.8
41	47	2.8
42	47	2.8
43	47	2.8
44	47	2.8
45	47	2.8
46	47	2.8
47	47	2.8
48	47	2.8
49	47	2.8
50	47	2.8
51	47	2.8
52	47	2.8
53	47	2.8
54	47	2.8
55	47	2.8
56	47	2.8
57	47	2.8
58	47	2.8
59	47	2.8
60	47	2.8
61	47	2.8
62	47	2.8
63	47	2.8
64	47	2.8
65	47	2.8
66	47	2.8
67	47	2.8
68	47	2.8
69	47	2.8
70	47	2.8
71	47	2.8
72	47	2.8
73	47	2.8
74	47	2.8
75	47	2.8
76	47	2.8
77	47	2.8
78	47	2.8
79	47	2.8
80	47	2.8
81	47	2.8
82	47	2.8
83	47	2.8
84	47	2.8
85	47	2.8
86	47	2.8
87	47	2.8
88	47	2.8
89	47	2.8
90	47	2.8
91	47	2.8
92	47	2.8
93	47	2.8
94	47	2.8
95	47	2.8
96	47	2.8
97	47	2.8
98	47	2.8
99	47	2.8
100	47	2.8
101	47	2.8
102	47	2.8
103	47	2.8
104	47	2.8
105	47	2.8
106	47	2.8
107	47	2.8
108	47	2.8
109	47	2.8
110	47	2.8
111	47	2.8
112	47	2.8
113	47	2.8
114	47	2.8
115	47	2.8
116	47	2.8
117	47	2.8
118	47	2.8
119	47	2.8
120	47	0
121	47	0
122	47	0
123	47	0
124	47	0
125	47	0
126	47	0
127	47	0
128	47	0
129	47	0
130	47	0
131	47	0
132	47	0
133	47	0
134	47	0
135	47	0
136	47	0
137	47	0
138	47	0
139	47	0
140	47	0
141	47	0
142	47	0
143	47	0
144	47	0
145	47	0
146	47	0
147	47	0
148	47	3.3
149	47	3.3
150	47	3.3
151	47	3.3
152	47	3.3
153	47	3.3
154	47	3.3
155	47	3.3
156	47	3.3
157	47	3.3
0	49	2.8
1	49	2.8
2	49	2.8
3	49	2.8
4	49	2.8
5	49	2.8
6	49	2.8
7	49	2.8
8	49	2.8
9	49	2.8
10	49	2.8
11	49	2.8
12	49	2.8
13	49	2.8
14	49	2.8
15	49	2.8
16	49	2.8
17	49	2.8
18	49	2.8
19	49	2.8
20	49	2.8
21	49	2.8
22	49	2.8
23	49	2.8
24	49	2.8
25	49	2.8
26	49	2.8
27	49	2.8
28	49	2.8
29	49	2.8
30	49	2.8
31	49	2.8
32	49	2.8
33	49	2.8
34	49	2.8
35	49	2.8
36	49	2.8
37	49	2.8
38	49	2.8
39	49	2.8
40	49	2.8
41	49	2.8
42	49	2.8
43	49	2.8
44	49	2.8
45	49	2.8
46	49	2.8
47	49	2.8
48	49	2.8
49	49	2.8
50	49	2.8
51	49	2.8
52	49	2.8
53	49	2.8
54	49	2.8
55	49	2.8
56	49	2.8
57	49	2.8
58	49	2.8
59	49	2.8
60	49	2.8
61	49	2.8
62	49	2.8
63	49	2.8
64	49	2.8
65	49	2.8
66	49	2.8
67	49	2.8
68	49	2.8
69	49	2.8
70	49	2.8
71	49	2.8
72	49	2.8
73	49	2.8
74	49	2.8
75	49	2.8
76	49	2.8
77	49	2.8
78	49	2.8
79	49	2.8
80	49	2.8
81	49	2.8
82	49	2.8
83	49	2.8
84	49	2.8
85	49	2.8
86	49	2.8
87	49	2.8
88	49	2.8
89	49	2.8
90	49	2.8
91	49	2.8
92	49	2.8
93	49	2.8
94	49	2.8
95	49	2.8
96	49	2.8
97	49	2.8
98	49	2.8
99	49	2.8
100	49	2.8
101	49	2.8
102	49	0
103	49	0
104	49	0
105	49	0
106	49	0
107	49	0
108	49	0
109	49	0
110	49	0
111	49	0
112	49	0
113	49	0
114	49	0
115	49	0
116	49	0
117	49	0
118	49	0
119	49	0
120	49	0
121	49	0
122	49	0
123	49	0
124	49	0
125	49	0
126	49	0
127	49	0
128	49	0
129	49	0
130	49	0
131	49	0
132	49	0
133	49	3.3
134	49	3.3
135	49	3.3
136	49	3.3
137	49	3.3
138	49	3.3
139	49	3.3
140	49	3.3
141	49	3.3
142	49	3.3
143	49	3.3
144	49	3.3
145	49	3.3
146	49	3.3
147	49	3.3
148	49	3.3
149	49	3.3
150	49	3.3
151	49	3.3
152	49	3.3
153	49	3.3
154	49	3.3
155	49	3.3
156	49	3.3
157	49	3.3
0	51	2.8
1	51	2.8
2	51	2.8
3	51	2.8
4	51	2.8
5	51	2.8
6	51	2.8
7	51	2.8
8	51	2.8
9	51	2.8
10	51	2.8
11	51	2.8
12	51	2.8
13	51	2.8
14	51	2.8
15	51	2.8
16	51	2.8
17	51	2.8
18	51	2.8
19	51	2.8
20	51	2.8
21	51	2.8
22	51	2.8
23	51	2.8
24	51	2.8
25	51	2.8
26	51	2.8
27	51	2.8
28	51	2.8
29	51	2.8
30	51	2.8
31	51	2.8
32	51	2.8
33	51	2.8
34	51	2.8
35	51	2.8
36	51	2.8
37	51	2.8
38	51	2.8
39	51	2.8
40	51	2.8
41	51	2.8
42	51	2.8
43	51	2.8
44	51	2.8
45	51	2.8
46	51	2.8
47	51	2.8
48	51	2.8
49	51	2.8
50	51	2.8
51	51	2.8
52	51	2.8
53	51	2.8
54	51	2.8
55	51	2.8
56	51	2.8
57	51	2.8
58	51	2.8
59	51	2.8
60	51	2.8
61	51	2.8
62	51	2.8
63	51	2.8
64	51	2.8
65	51	2.8
66	51	2.8
67	51	2.8
68	51	2.8
69	51	2.8
70	51	2.8
71	51	2.8
72	51	2.8
73	51	2.8
74	51	2.8
75	51	2.8
76	51	2.8
77	51	2.8
78	51	2.8
79	51	2.8
80	51	2.8
81	51	2.8
82	51	0
83	51	0
84	51	0
85	51	0
86	51	0
87	51	0
88	51	0
89	51	0
90	51	0
91	51	0
92	51	0
93	51	0
94	51	0
95	51	0
96	51	0
97	51	0
98	51	0
99	51	0
100	51	0
101	51	0
102	51	0
103	51	0
104	51	0
105	51	0
106	51	0
107	51	0
108	51	0
109	51	0
110	51	0
111	51	0
112	51	0
113	51	0
114	51	0
115	51	0
116	51	3.3
117	51	3.3
118	51	3.3
119	51	3.3
120	51	3.3
121	51	3.3
122	51	3.3
123	51	3.3
124	51	3.3
125	51	3.3
126	51	3.3
127	51	3.3
128	51	3.3
129	51	3.3
130	51	3.3
131	51	3.3
132	51	3.3
133	51	3.3
134	51	3.3
135	51	3.3
136	51	3.3
137	51	3.3
138	51	3.3
139	51	3.3
140	51	3.3
141	51	3.3
142	51	3.3
143	51	3.3
144	51	3.3
145	51	3.3
146	51	3.3
147	51	3.3
148	51	3.3
149	51	3.3
150	51	3.3
151	51	3.3
152	51	3.3
153	51	3.3
154	51	3.3
155	51	3.3
156	51	3.3
157	51	3.3
0	53	2.8
1	53	2.8
2	53	2.8
3	53	2.8
4	53	2.8
5	53	2.8
6	53	2.8
7	53	2.8
8	53	2.8
9	53	2.8
10	53	2.8
11	53	2.8
12	53	2.8
13	53	2.8
14	53	2.8
15	53	2.8
16	53	2.8
17	53	2.8
18	53	2.8
19	53	2.8
20	53	2.8
21	53	2.8
22	53	2.8
23	53	2.8
24	53	2.8
25	53	2.8
26	53	2.8
27	53	2.8
28	53	2.8
29	53	2.8
30	53	2.8
31	53	2.8
32	53	2.8
33	53	2.8
34	53	2.8
35	53	2.8
36	53	2.8
37	53	2.8
38	53	2.8
39	53	2.8
40	53	2.8
41	53	2.8
42	53	2.8
43	53	2.8
44	53	2.8
45	53	2.8
46	53	2.8
47	53	2.8
48	53	2.8
49	53	2.8
50	53	2.8
51	53	2.8
52	53	2.8
53	53	2.8
54	53	0
55	53	0
56	53	0
57	53	0
58	53	0
59	53	0
60	53	0
61	53	0
62	53	0
63	53	0
64	53	0
65	53	0
66	53	0
67	53	0
68	53	0
69	53	0
70	53	0
71	53	0
72	53	0
73	53	0
74	53	0
75	53	0
76	53	0
77	53	0
78	53	0
79	53	0
80	53	0
81	53	0
82	53	0
83	53	0
84	53	0
85	53	0
86	53	0
87	53	0
88	53	0
89	53	0
90	53	0
91	53	0
92	53	0
93	53	0
94	53	0
95	53	0
96	53	0
97	53	0
98	53	3.3
99	53	3.3
100	53	3.3
101	53	3.3
102	53	3.3
103	53	3.3
104	53	3.3
105	53	3.3
106	53	3.3
107	53	3.3
108	53	3.3
109	53	3.3
110	53	3.3
111	53	3.3
112	53	3.3
113	53	3.3
114	53	3.3
115	53	3.3
116	53	3.3
117	53	3.3
118	53	3.3
119	53	3.3
120	53	3.3
121	53	3.3
122	53	3.3
123	53	3.3
124	53	3.3
125	53	3.3
126	53	3.3
127	53	3.3
128	53	3.3
129	53	3.3
130	53	3.3
131	53	3.3
132	53	3.3
133	53	3.3
134	53	3.3
135	53	3.3
136	53	3.3
137	53	3.3
138	53	3.3
139	53	3.3
140	53	3.3
141	53	3.3
142	53	3.3
143	53	3.3
144	53	3.3
145	53	3.3
146	53	3.3
147	53	3.3
148	53	3.3
149	53	3.3
150	53	3.3
151	53	3.3
152	53	3.3
153	53	3.3
154	53	3.3
155	53	3.3
156	53	3.3
157	53	3.3
0	55	0
1	55	0
2	55	0
3	55	0
4	55	0
5	55	0
6	55	0
7	55	0
8	55	0
9	55	0
10	55	0
11	55	0
12	55	0
13	55	0
14	55	0
15	55	0
16	55	0
17	55	0
18	55	0
19	55	0
20	55	0
21	55	0
22	55	0
23	55	0
24	55	0
25	55	0
26	55	0
27	55	0
28	55	0
29	55	0
30	55	0
31	55	0
32	55	0
33	55	0
34	55	0
35	55	0
36	55	0
37	55	0
38	55	0
39	55	0
40	55	0
41	55	0
42	55	0
43	55	0
44	55	0
45	55	0
46	55	0
47	55	0
48	55	0
49	55	0
50	55	0
51	55	0
52	55	0
53	55	0
54	55	0
55	55	0
56	55	0
57	55	0
58	55	0
59	55	0
60	55	0
61	55	0
62	55	0
63	55	0
64	55	0
65	55	0
66	55	0
67	55	0
68	55	0
69	55	0
70	55	0
71	55	0
72	55	0
73	55	0
74	55	0
75	55	0
76	55	0
77	55	3.3
78	55	3.3
79	55	3.3
80	55	3.3
81	55	3.3
82	55	3.3
83	55	3.3
84	55	3.3
85	55	3.3
86	55	3.3
87	55	3.3
88	55	3.3
89	55	3.3
90	55	3.3
91	55	3.3
92	55	3.3
93	55	3.3
94	55	3.3
95	55	3.3
96	55	3.3
97	55	3.3
98	55	3.3
99	55	3.3
100	55	3.3
101	55	3.3
102	55	3.3
103	55	3.3
104	55	3.3
105	55	3.3
106	55	3.3
107	55	3.3
108	55	3.3
109	55	3.3
110	55	3.3
111	55	3.3
112	55	3.3
113	55	3.3
114	55	3.3
115	55	3.3
116	55	3.3
117	55	3.3
118	55	3.3
119	55	3.3
120	55	3.3
121	55	3.3
122	55	3.3
123	55	3.3
124	55	3.3
125	55	3.3
126	55	3.3
127	55	3.3
128	55	3.3
129	55	3.3
130	55	3.3
131	55	3.3
132	55	3.3
133	55	3.3
134	55	3.3
135	55	3.3
136	55	3.3
137	55	3.3
138	55	3.3
139	55	3.3
140	55	3.3
141	55	3.3
142	55	3.3
143	55	3.3
144	55	3.3
145	55	3.3
146	55	3.3
147	55	3.3
148	55	3.3
149	55	3.3
150	55	3.3
151	55	3.3
152	55	3.3
153	55	3.3
154	55	3.3
155	55	3.3
156	55	3.3
157	55	3.3
0	57	0
1	57	0
2	57	0
3	57	0
4	57	0
5	57	0
6	57	0
7	57	0
8	57	0
9	57	0
10	57	0
11	57	0
12	57	0
13	57	0
14	57	0
15	57	0
16	57	0
17	57	0
18	57	0
19	57	0
20	57	0
21	57	0
22	57	0
23	57	0
24	57	0
25	57	0
26	57	0
27	57	0
28	57	0
29	57	0
30	57	0
31	57	0
32	57	0
33	57	0
34	57	0
35	57	0
36	57	0
37	57	0
38	57	0
39	57	0
40	57	0
41	57	0
42	57	0
43	57	0
44	57	0
45	57	0
46	57	3.3
47	57	3.3
48	57	3.3
49	57	3.3
50	57	3.3
51	57	3.3
52	57	3.3
53	57	3.3
54	57	3.3
55	57	3.3
56	57	3.3
57	57	3.3
58	57	3.3
59	57	3.3
60	57	3.3
61	57	3.3
62	57	3.3
63	57	3.3
64	57	3.3
65	57	3.3
66	57	3.3
67	57	3.3
68	57	3.3
69	57	3.3
70	57	3.3
71	57	3.3
72	57	3.3
73	57	3.3
74	57	3.3
75	57	3.3
76	57	3.3
77	57	3.3
78	57	3.3
79	57	3.3
80	57	3.3
81	57	3.3
82	57	3.3
83	57	3.3
84	57	3.3
85	57	3.3
86	57	3.3
87	57	3.3
88	57	3.3
89	57	3.3
90	57	3.3
91	57	3.3
92	57	3.3
93	57	3.3
94	57	3.3
95	57	3.3
96	57	3.3
97	57	3.3
98	57	3.3
99	57	3.3
100	57	3.3
101	57	3.3
102	57	3.3
103	57	3.3
104	57	3.3
105	57	3.3
106	57	3.3
107	57	3.3
108	57	3.3
109	57	3.3
110	57	3.3
111	57	3.3
112	57	3.3
113	57	3.3
114	57	3.3
115	57	3.3
116	57	3.3
117	57	3.3
118	57	3.3
119	57	3.3
120	57	3.3
121	57	3.3
122	57	3.3
123	57	3.3
124	57	3.3
125	57	3.3
126	57	3.3
127	57	3.3
128	57	3.3
129	57	3.3
130	57	3.3
131	57	3.3
132	57	3.3
133	57	3.3
134	57	3.3
135	57	3.3
136	57	3.3
137	57	3.3
138	57	3.3
139	57	3.3
140	57	3.3
141	57	3.3
142	57	3.3
143	57	3.3
144	57	3.3
145	57	3.3
146	57	3.3
147	57	3.3
148	57	3.3
149	57	3.3
150	57	3.3
151	57	3.3
152	57	0
153	57	0
154	57	0
155	57	0
156	57	0
157	57	0
0	59	3.3
1	59	3.3
2	59	3.3
3	59	3.3
4	59	3.3
5	59	3.3
6	59	3.3
7	59	3.3
8	59	3.3
9	59	3.3
10	59	3.3
11	59	3.3
12	59	3.3
13	59	3.3
14	59	3.3
15	59	3.3
16	59	3.3
17	59	3.3
18	59	3.3
19	59	3.3
20	59	3.3
21	59	3.3
22	59	3.3
23	59	3.3
24	59	3.3
25	59	3.3
26	59	3.3
27	59	3.3
28	59	3.3
29	59	3.3
30	59	3.3
31	59	3.3
32	59	3.3
33	59	3.3
34	59	3.3
35	59	3.3
36	59	3.3
37	59	3.3
38	59	3.3
39	59	3.3
40	59	3.3
41	59	3.3
42	59	3.3
43	59	3.3
44	59	3.3
45	59	3.3
46	59	3.3
47	59	3.3
48	59	3.3
49	59	3.3
50	59	3.3
51	59	3.3
52	59	3.3
53	59	3.3
54	59	3.3
55	59	3.3
56	59	3.3
57	59	3.3
58	59	3.3
59	59	3.3
60	59	3.3
61	59	3.3
62	59	3.3
63	59	3.3
64	59	3.3
65	59	3.3
66	59	3.3
67	59	3.3
68	59	3.3
69	59	3.3
70	59	3.3
71	59	3.3
72	59	3.3
73	59	3.3
74	59	3.3
75	59	3.3
76	59	3.3
77	59	3.3
78	59	3.3
79	59	3.3
80	59	3.3
81	59	3.3
82	59	3.3
83	59	3.3
84	59	3.3
85	59	3.3
86	59	3.3
87	59	3.3
88	59	3.3
89	59	3.3
90	59	3.3
91	59	3.3
92	59	3.3
93	59	3.3
94	59	3.3
95	59	3.3
96	59	3.3
97	59	3.3
98	59	3.3
99	59	3.3
100	59	3.3
101	59	3.3
102	59	3.3
103	59	3.3
104	59	3.3
105	59	3.3
106	59	3.3
107	59	3.3
108	59	3.3
109	59	3.3
110	59	3.3
111	59	3.3
112	59	3.3
113	59	3.3
114	59	3.3
115	59	3.3
116	59	3.3
117	59	3.3
118	59	3.3
119	59	3.3
120	59	3.3
121	59	3.3
122	59	3.3
123	59	3.3
124	59	3.3
125	59	3.3
126	59	3.3
127	59	3.3
128	59	3.3
129	59	3.3
130	59	3.3
131	59	3.3
132	59	3.3
133	59	3.3
134	59	3.3
135	59	3.3
136	59	3.3
137	59	3.3
138	59	3.3
139	59	3.3
140	59	3.3
141	59	3.3
142	59	0
143	59	0
144	59	0
145	59	0
146	59	0
147	59	0
148	59	0
149	59	0
150	59	0
151	59	0
152	59	0
153	59	0
154	59	0
155	59	0
156	59	0
157	59	0
0	61	3.3
1	61	3.3
2	61	3.3
3	61	3.3
4	61	3.3
5	61	3.3
6	61	3.3
7	61	3.3
8	61	3.3
9	61	3.3
10	61	3.3
11	61	3.3
12	61	3.3
13	61	3.3
14	61	3.3
15	61	3.3
16	61	3.3
17	61	3.3
18	61	3.3
19	61	3.3
20	61	3.3
21	61	3.3
22	61	3.3
23	61	3.3
24	61	3.3
25	61	3.3
26	61	3.3
27	61	3.3
28	61	3.3
29	61	3.3
30	61	3.3
31	61	3.3
32	61	3.3
33	61	3.3
34	61	3.3
35	61	3.3
36	61	3.3
37	61	3.3
38	61	3.3
39	61	3.3
40	61	3.3
41	61	3.3
42	61	3.3
43	61	3.3
44	61	3.3
45	61	3.3
46	61	3.3
47	61	3.3
48	61	3.3
49	61	3.3
50	61	3.3
51	61	3.3
52	61	3.3
53	61	3.3
54	61	3.3
55	61	3.3
56	61	3.3
57	61	3.3
58	61	3.3
59	61	3.3
60	61	3.3
61	61	3.3
62	61	3.3
63	61	3.3
64	61	3.3
65	61	3.3
66	61	3.3
67	61	3.3
68	61	3.3
69	61	3.3
70	61	3.3
71	61	3.3
72	61	3.3
73	61	3.3
74	61	3.3
75	61	3.3
76	61	3.3
77	61	3.3
78	61	3.3
79	61	3.3
80	61	3.3
81	61	3.3
82	61	3.3
83	61	3.3
84	61	3.3
85	61	3.3
86	61	3.3
87	61	3.3
88	61	3.3
89	61	3.3
90	61	3.3
91	61	3.3
92	61	3.3
93	61	3.3
94	61	3.3
95	61	3.3
96	61	3.3
97	61	3.3
98	61	3.3
99	61	3.3
100	61	3.3
101	61	3.3
102	61	3.3
103	61	3.3
104	61	3.3
105	61	3.3
106	61	3.3
107	61	3.3
108	61	3.3
109	61	3.3
110	61	3.3
111	61	3.3
112	61	3.3
113	61	3.3
114	61	3.3
115	61	3.3
116	61	3.3
117	61	3.3
118	61	3.3
119	61	3.3
120	61	3.3
121	61	3.3
122	61	3.3
123	61	3.3
124	61	3.3
125	61	3.3
126	61	3.3
127	61	3.3
128	61	3.3
129	61	3.3
130	61	0
131	61	0
132	61	0
133	61	0
134	61	0
135	61	0
136	61	0
137	61	0
138	61	0
139	61	0
140	61	0
141	61	0
142	61	0
143	61	0
144	61	0
145	61	0
146	61	0
147	61	0
148	61	0
149	61	0
150	61	4.1
151	61	4.1
152	61	4.1
153	61	4.1
154	61	4.1
155	61	4.1
156	61	4.1
157	61	4.1
0	63	3.3
1	63	3.3
2	63	3.3
3	63	3.3
4	63	3.3
5	63	3.3
6	63	3.3
7	63	3.3
8	63	3.3
9	63	3.3
10	63	3.3
11	63	3.3
12	63	3.3
13	63	3.3
14	63	3.3
15	63	3.3
16	63	3.3
17	63	3.3
18	63	3.3
19	63	3.3
20	63	3.3
21	63	3.3
22	63	3.3
23	63	3.3
24	63	3.3
25	63	3.3
26	63	3.3
27	63	3.3
28	63	3.3
29	63	3.3
30	63	3.3
31	63	3.3
32	63	3.3
33	63	3.3
34	63	3.3
35	63	3.3
36	63	3.3
37	63	3.3
38	63	3.3
39	63	3.3
40	63	3.3
41	63	3.3
42	63	3.3
43	63	3.3
44	63	3.3
45	63	3.3
46	63	3.3
47	63	3.3
48	63	3.3
49	63	3.3
50	63	3.3
51	63	3.3
52	63	3.3
53	63	3.3
54	63	3.3
55	63	3.3
56	63	3.3
57	63	3.3
58	63	3.3
59	63	3.3
60	63	3.3
61	63	3.3
62	63	3.3
63	63	3.3
64	63	3.3
65	63	3.3
66	63	3.3
67	63	3.3
68	63	3.3
69	63	3.3
70	63	3.3
71	63	3.3
72	63	3.3
73	63	3.3
74	63	3.3
75	63	3.3
76	63	3.3
77	63	3.3
78	63	3.3
79	63	3.3
80	63	3.3
81	63	3.3
82	63	3.3
83	63	3.3
84	63	3.3
85	63	3.3
86	63	3.3
87	63	3.3
88	63	3.3
89	63	3.3
90	63	3.3
91	63	3.3
92	63	3.3
93	63	3.3
94	63	3.3
95	63	3.3
96	63	3.3
97	63	3.3
98	63	3.3
99	63	3.3
100	63	3.3
101	63	3.3
102	63	3.3
103	63	3.3
104	63	3.3
105	63	3.3
106	63	3.3
107	63	3.3
108	63	3.3
109	63	3.3
110	63	3.3
111	63	3.3
112	63	3.3
113	63	3.3
114	63	3.3
115	63	3.3
116	63	3.3
117	63	0
118	63	0
119	63	0
120	63	0
121	63	0
122	63	0
123	63	0
124	63	0
125	63	0
126	63	0
127	63	0
128	63	0
129	63	0
130	63	0
131	63	0
132	63	0
133	63	0
134	63	0
135	63	0
136	63	0
137	63	0
138	63	0
139	63	0
140	63	4.1
141	63	4.1
142	63	4.1
143	63	4.1
144	63	4.1
145	63	4.1
146	63	4.1
147	63	4.1
148	63	4.1
149	63	4.1
150	63	4.1
151	63	4.1
152	63	4.1
153	63	4.1
154	63	4.1
155	63	4.1
156	63	4.1
157	63	4.1
0	65	3.3
1	65	3.3
2	65	3.3
3	65	3.3
4	65	3.3
5	65	3.3
6	65	3.3
7	65	3.3
8	65	3.3
9	65	3.3
10	65	3.3
11	65	3.3
12	65	3.3
13	65	3.3
14	65	3.3
15	65	3.3
16	65	3.3
17	65	3.3
18	65	3.3
19	65	3.3
20	65	3.3
21	65	3.3
22	65	3.3
23	65	3.3
24	65	3.3
25	65	3.3
26	65	3.3
27	65	3.3
28	65	3.3
29	65	3.3
30	65	3.3
31	65	3.3
32	65	3.3
33	65	3.3
34	65	3.3
35	65	3.3
36	65	3.3
37	65	3.3
38	65	3.3
39	65	3.3
40	65	3.3
41	65	3.3
42	65	3.3
43	65	3.3
44	65	3.3
45	65	3.3
46	65	3.3
47	65	3.3
48	65	3.3
49	65	3.3
50	65	3.3
51	65	3.3
52	65	3.3
53	65	3.3
54	65	3.3
55	65	3.3
56	65	3.3
57	65	3.3
58	65	3.3
59	65	3.3
60	65	3.3
61	65	3.3
62	65	3.3
63	65	3.3
64	65	3.3
65	65	3.3
66	65	3.3
67	65	3.3
68	65	3.3
69	65	3.3
70	65	3.3
71	65	3.3
72	65	3.3
73	65	3.3
74	65	3.3
75	65	3.3
76	65	3.3
77	65	3.3
78	65	3.3
79	65	3.3
80	65	3.3
81	65	3.3
82	65	3.3
83	65	3.3
84	65	3.3
85	65	3.3
86	65	3.3
87	65	3.3
88	65	3.3
89	65	3.3
90	65	3.3
91	65	3.3
92	65	3.3
93	65	3.3
94	65	3.3
95	65	3.3
96	65	3.3
97	65	3.3
98	65	3.3
99	65	3.3
100	65	3.3
101	65	0
102	65	0
103	65	0
104	65	0
105	65	0
106	65	0
107	65	0
108	65	0
109	65	0
110	65	0
111	65	0
112	65	0
113	65	0
114	65	0
115	65	0
116	65	0
117	65	0
118	65	0
119	65	0
120	65	0
121	65	0
122	65	0
123	65	0
124	65	0
125	65	0
126	65	0
127	65	0
128	65	4.1
129	65	4.1
130	65	4.1
131	65	4.1
132	65	4.1
133	65	4.1
134	65	4.1
135	65	4.1
136	65	4.1
137	65	4.1
138	65	4.1
139	65	4.1
140	65	4.1
141	65	4.1
142	65	4.1
143	65	4.1
144	65	4.1
145	65	4.1
146	65	4.1
147	65	4.1
148	65	4.1
149	65	4.1
150	65	4.1
151	65	4.1
152	65	4.1
153	65	4.1
154	65	4.1
155	65	4.1
156	65	4.1
157	65	4.1
0	67	3.3
1	67	3.3
2	67	3.3
3	67	3.3
4	67	3.3
5	67	3.3
6	67	3.3
7	67	3.3
8	67	3.3
9	67	3.3
10	67	3.3
11	67	3.3
12	67	3.3
13	67	3.3
14	67	3.3
15	67	3.3
16	67	3.3
17	67	3.3
18	67	3.3
19	67	3.3
20	67	3.3
21	67	3.3
22	67	3.3
23	67	3.3
24	67	3.3
25	67	3.3
26	67	3.3
27	67	3.3
28	67	3.3
29	67	3.3
30	67	3.3
31	67	3.3
32	67	3.3
33	67	3.3
34	67	3.3
35	67	3.3
36	67	3.3
37	67	3.3
38	67	3.3
39	67	3.3
40	67	3.3
41	67	3.3
42	67	3.3
43	67	3.3
44	67	3.3
45	67	3.3
46	67	3.3
47	67	3.3
48	67	3.3
49	67	3.3
50	67	3.3
51	67	3.3
52	67	3.3
53	67	3.3
54	67	3.3
55	67	3.3
56	67	3.3
57	67	3.3
58	67	3.3
59	67	3.3
60	67	3.3
61	67	3.3
62	67	3.3
63	67	3.3
64	67	3.3
65	67	3.3
66	67	3.3
67	67	3.3
68	67	3.3
69	67	3.3
70	67	3.3
71	67	3.3
72	67	3.3
73	67	3.3
74	67	3.3
75	67	3.3
76	67	3.3
77	67	3.3
78	67	3.3
79	67	0
80	67	0
81	67	0
82	67	0
83	67	0
84	67	0
85	67	0
86	67	0
87	67	0
88	67	0
89	67	0
90	67	0
91	67	0
92	67	0
93	67	0
94	67	0
95	67	0
96	67	0
97	67	0
98	67	0
99	67	0
100	67	0
101	67	0
102	67	0
103	67	0
104	67	0
105	67	0
106	67	0
107	67	0
108	67	0
109	67	0
110	67	0
111	67	0
112	67	0
113	67	0
114	67	4.1
115	67	4.1
116	67	4.1
117	67	4.1
118	67	4.1
119	67	4.1
120	67	4.1
121	67	4.1
122	67	4.1
123	67	4.1
124	67	4.1
125	67	4.1
126	67	4.1
127	67	4.1
128	67	4.1
129	67	4.1
130	67	4.1
131	67	4.1
132	67	4.1
133	67	4.1
134	67	4.1
135	67	4.1
136	67	4.1
137	67	4.1
138	67	4.1
139	67	4.1
140	67	4.1
141	67	4.1
142	67	4.1
143	67	4.1
144	67	4.1
145	67	4.1
146	67	4.1
147	67	4.1
148	67	4.1
149	67	4.1
150	67	4.1
151	67	4.1
152	67	4.1
153	67	4.1
154	67	4.1
155	67	4.1
156	67	4.1
157	67	4.1
0	69	0
1	69	0
2	69	0
3	69	0
4	69	0
5	69	0
6	69	0
7	69	0
8	69	0
9	69	0
10	69	0
11	69	0
12	69	0
13	69	0
14	69	0
15	69	0
16	69	0
17	69	0
18	69	0
19	69	0
20	69	0
21	69	0
22	69	0
23	69	0
24	69	0
25	69	0
26	69	0
27	69	0
28	69	0
29	69	0
30	69	0
31	69	0
32	69	0
33	69	0
34	69	0
35	69	0
36	69	0
37	69	0
38	69	0
39	69	0
40	69	0
41	69	0
42	69	0
43	69	0
44	69	0
45	69	0
46	69	0
47	69	0
48	69	0
49	69	0
50	69	0
51	69	0
52	69	0
53	69	0
54	69	0
55	69	0
56	69	0
57	69	0
58	69	0
59	69	0
60	69	0
61	69	0
62	69	0
63	69	0
64	69	0
65	69	0
66	69	0
67	69	0
68	69	0
69	69	0
70	69	0
71	69	0
72	69	0
73	69	0
74	69	0
75	69	0
76	69	0
77	69	0
78	69	0
79	69	0
80	69	0
81	69	0
82	69	0
83	69	0
84	69	0
85	69	0
86	69	0
87	69	0
88	69	0
89	69	0
90	69	0
91	69	0
92	69	0
93	69	0
94	69	0
95	69	0
96	69	0
97	69	4.1
98	69	4.1
99	69	4.1
100	69	4.1
101	69	4.1
102	69	4.1
103	69	4.1
104	69	4.1
105	69	4.1
106	69	4.1
107	69	4.1
108	69	4.1
109	69	4.1
110	69	4.1
111	69	4.1
112	69	4.1
113	69	4.1
114	69	4.1
115	69	4.1
116	69	4.1
117	69	4.1
118	69	4.1
119	69	4.1
120	69	4.1
121	69	4.1
122	69	4.1
123	69	4.1
124	69	4.1
125	69	4.1
126	69	4.1
127	69	4.1
128	69	4.1
129	69	4.1
130	69	4.1
131	69	4.1
132	69	4.1
133	69	4.1
134	69	4.1
135	69	4.1
136	69	4.1
137	69	4.1
138	69	4.1
139	69	4.1
140	69	4.1
141	69	4.1
142	69	4.1
143	69	4.1
144	69	4.1
145	69	4.1
146	69	4.1
147	69	4.1
148	69	4.1
149	69	4.1
150	69	4.1
151	69	4.1
152	69	4.1
153	69	4.1
154	69	4.1
155	69	4.1
156	69	4.1
157	69	4.1
0	71	0
1	71	0
2	71	0
3	71	0
4	71	0
5	71	0
6	71	0
7	71	0
8	71	0
9	71	0
10	71	0
11	71	0
12	71	0
13	71	0
14	71	0
15	71	0
16	71	0
17	71	0
18	71	0
19	71	0
20	71	0
21	71	0
22	71	0
23	71	0
24	71	0
25	71	0
26	71	0
27	71	0
28	71	0
29	71	0
30	71	0
31	71	0
32	71	0
33	71	0
34	71	0
35	71	0
36	71	0
37	71	0
38	71	0
39	71	0
40	71	0
41	71	0
42	71	0
43	71	0
44	71	0
45	71	0
46	71	0
47	71	0
48	71	0
49	71	0
50	71	0
51	71	0
52	71	0
53	71	0
54	71	0
55	71	0
56	71	0
57	71	0
58	71	0
59	71	0
60	71	0
61	71	0
62	71	0
63	71	0
64	71	0
65	71	0
66	71	0
67	71	0
68	71	0
69	71	0
70	71	0
71	71	0
72	71	4.1
73	71	4.1
74	71	4.1
75	71	4.1
76	71	4.1
77	71	4.1
78	71	4.1
79	71	4.1
80	71	4.1
81	71	4.1
82	71	4.1
83	71	4.1
84	71	4.1
85	71	4.1
86	71	4.1
87	71	4.1
88	71	4.1
89	71	4.1
90	71	4.1
91	71	4.1
92	71	4.1
93	71	4.1
94	71	4.1
95	71	4.1
96	71	4.1
97	71	4.1
98	71	4.1
99	71	4.1
100	71	4.1
101	71	4.1
102	71	4.1
103	71	4.1
104	71	4.1
105	71	4.1
106	71	4.1
107	71	4.1
108	71	4.1
109	71	4.1
110	71	4.1
111	71	4.1
112	71	4.1
113	71	4.1
114	71	4.1
115	71	4.1
116	71	4.1
117	71	4.1
118	71	4.1
119	71	4.1
120	71	4.1
121	71	4.1
122	71	4.1
123	71	4.1
124	71	4.1
125	71	4.1
126	71	4.1
127	71	4.1
128	71	4.1
129	71	4.1
130	71	4.1
131	71	4.1
132	71	4.1
133	71	4.1
134	71	4.1
135	71	4.1
136	71	4.1
137	71	4.1
138	71	4.1
139	71	4.1
140	71	4.1
141	71	4.1
142	71	4.1
143	71	4.1
144	71	4.1
145	71	4.1
146	71	4.1
147	71	4.1
148	71	4.1
149	71	4.1
150	71	4.1
151	71	4.1
152	71	4.1
153	71	4.1
154	71	4.1
155	71	4.1
156	71	4.1
157	71	4.1
0	73	4.1
1	73	4.1
2	73	4.1
3	73	4.1
4	73	4.1
5	73	4.1
6	73	4.1
7	73	4.1
8	73	4.1
9	73	4.1
10	73	4.1
11	73	4.1
12	73	4.1
13	73	4.1
14	73	4.1
15	73	4.1
16	73	4.1
17	73	4.1
18	73	4.1
19	73	4.1
20	73	4.1
21	73	4.1
22	73	4.1
23	73	4.1
24	73	4.1
25	73	4.1
26	73	4.1
27	73	4.1
28	73	4.1
29	73	4.1
30	73	4.1
31	73	4.1
32	73	4.1
33	73	4.1
34	73	4.1
35	73	4.1
36	73	4.1
37	73	4.1
38	73	4.1
39	73	4.1
40	73	4.1
41	73	4.1
42	73	4.1
43	73	4.1
44	73	4.1
45	73	4.1
46	73	4.1
47	73	4.1
48	73	4.1
49	73	4.1
50	73	4.1
51	73	4.1
52	73	4.1
53	73	4.1
54	73	4.1
55	73	4.1
56	73	4.1
57	73	4.1
58	73	4.1
59	73	4.1
60	73	4.1
61	73	4.1
62	73	4.1
63	73	4.1
64	73	4.1
65	73	4.1
66	73	4.1
67	73	4.1
68	73	4.1
69	73	4.1
70	73	4.1
71	73	4.1
72	73	4.1
73	73	4.1
74	73	4.1
75	73	4.1
76	73	4.1
77	73	4.1
78	73	4.1
79	73	4.1
80	73	4.1
81	73	4.1
82	73	4.1
83	73	4.1
84	73	4.1
85	73	4.1
86	73	4.1
87	73	4.1
88	73	4.1
89	73	4.1
90	73	4.1
91	73	4.1
92	73	4.1
93	73	4.1
94	73	4.1
95	73	4.1
96	73	4.1
97	73	4.1
98	73	4.1
99	73	4.1
100	73	4.1
101	73	4.1
102	73	4.1
103	73	4.1
104	73	4.1
105	73	4.1
106	73	4.1
107	73	4.1
108	73	4.1
109	73	4.1
110	73	4.1
111	73	4.1
112	73	4.1
113	73	4.1
114	73	4.1
115	73	4.1
116	73	4.1
117	73	4.1
118	73	4.1
119	73	4.1
120	73	4.1
121	73	4.1
122	73	4.1
123	73	4.1
124	73	4.1
125	73	4.1
126	73	4.1
127	73	4.1
128	73	4.1
129	73	4.1
130	73	4.1
131	73	4.1
132	73	4.1
133	73	4.1
134	73	4.1
135	73	4.1
136	73	4.1
137	73	4.1
138	73	4.1
139	73	4.1
140	73	4.1
141	73	4.1
142	73	4.1
143	73	4.1
144	73	4.1
145	73	4.1
146	73	4.1
147	73	4.1
148	73	4.1
149	73	4.1
150	73	4.1
151	73	4.1
152	73	4.1
153	73	4.1
154	73	4.1
155	73	4.1
156	73	4.1
157	73	4.1
0	75	4.1
1	75	4.1
2	75	4.1
3	75	4.1
4	75	4.1
5	75	4.1
6	75	4.1
7	75	4.1
8	75	4.1
9	75	4.1
10	75	4.1
11	75	4.1
12	75	4.1
13	75	4.1
14	75	4.1
15	75	4.1
16	75	4.1
17	75	4.1
18	75	4.1
19	75	4.1
20	75	4.1
21	75	4.1
22	75	4.1
23	75	4.1
24	75	4.1
25	75	4.1
26	75	4.1
27	75	4.1
28	75	4.1
29	75	4.1
30	75	4.1
31	75	4.1
32	75	4.1
33	75	4.1
34	75	4.1
35	75	4.1
36	75	4.1
37	75	4.1
38	75	4.1
39	75	4.1
40	75	4.1
41	75	4.1
42	75	4.1
43	75	4.1
44	75	4.1
45	75	4.1
46	75	4.1
47	75	4.1
48	75	4.1
49	75	4.1
50	75	4.1
51	75	4.1
52	75	4.1
53	75	4.1
54	75	4.1
55	75	4.1
56	75	4.1
57	75	4.1
58	75	4.1
59	75	4.1
60	75	4.1
61	75	4.1
62	75	4.1
63	75	4.1
64	75	4.1
65	75	4.1
66	75	4.1
67	75	4.1
68	75	4.1
69	75	4.1
70	75	4.1
71	75	4.1
72	75	4.1
73	75	4.1
74	75	4.1
75	75	4.1
76	75	4.1
77	75	4.1
78	75	4.1
79	75	4.1
80	75	4.1
81	75	4.1
82	75	4.1
83	75	4.1
84	75	4.1
85	75	4.1
86	75	4.1
87	75	4.1
88	75	4.1
89	75	4.1
90	75	4.1
91	75	4.1
92	75	4.1
93	75	4.1
94	75	4.1
95	75	4.1
96	75	4.1
97	75	4.1
98	75	4.1
99	75	4.1
100	75	4.1
101	75	4.1
102	75	4.1
103	75	4.1
104	75	4.1
105	75	4.1
106	75	4.1
107	75	4.1
108	75	4.1
109	75	4.1
110	75	4.1
111	75	4.1
112	75	4.1
113	75	4.1
114	75	4.1
115	75	4.1
116	75	4.1
117	75	4.1
118	75	4.1
119	75	4.1
120	75	4.1
121	75	4.1
122	75	4.1
123	75	4.1
124	75	4.1
125	75	4.1
126	75	4.1
127	75	4.1
128	75	4.1
129	75	4.1
130	75	4.1
131	75	4.1
132	75	4.1
133	75	4.1
134	75	4.1
135	75	4.1
136	75	4.1
137	75	4.1
138	75	4.1
139	75	4.1
140	75	4.1
141	75	4.1
142	75	4.1
143	75	4.1
144	75	4.1
145	75	4.1
146	75	4.1
147	75	4.1
148	75	4.1
149	75	4.1
150	75	4.1
151	75	4.1
152	75	4.1
153	75	4.1
154	75	4.1
155	75	4.1
156	75	4.1
157	75	4.1
0	77	4.1
1	77	4.1
2	77	4.1
3	77	4.1
4	77	4.1
5	77	4.1
6	77	4.1
7	77	4.1
8	77	4.1
9	77	4.1
10	77	4.1
11	77	4.1
12	77	4.1
13	77	4.1
14	77	4.1
15	77	4.1
16	77	4.1
17	77	4.1
18	77	4.1
19	77	4.1
20	77	4.1
21	77	4.1
22	77	4.1
23	77	4.1
24	77	4.1
25	77	4.1
26	77	4.1
27	77	4.1
28	77	4.1
29	77	4.1
30	77	4.1
31	77	4.1
32	77	4.1
33	77	4.1
34	77	4.1
35	77	4.1
36	77	4.1
37	77	4.1
38	77	4.1
39	77	4.1
40	77	4.1
41	77	4.1
42	77	4.1
43	77	4.1
44	77	4.1
45	77	4.1
46	77	4.1
47	77	4.1
48	77	4.1
49	77	4.1
50	77	4.1
51	77	4.1
52	77	4.1
53	77	4.1
54	77	4.1
55	77	4.1
56	77	4.1
57	77	4.1
58	77	4.1
59	77	4.1
60	77	4.1
61	77	4.1
62	77	4.1
63	77	4.1
64	77	4.1
65	77	4.1
66	77	4.1
67	77	4.1
68	77	4.1
69	77	4.1
70	77	4.1
71	77	4.1
72	77	4.1
73	77	4.1
74	77	4.1
75	77	4.1
76	77	4.1
77	77	4.1
78	77	4.1
79	77	4.1
80	77	4.1
81	77	4.1
82	77	4.1
83	77	4.1
84	77	4.1
85	77	4.1
86	77	4.1
87	77	4.1
88	77	4.1
89	77	4.1
90	77	4.1
91	77	4.1
92	77	4.1
93	77	4.1
94	77	4.1
95	77	4.1
96	77	4.1
97	77	4.1
98	77	4.1
99	77	4.1
100	77	4.1
101	77	4.1
102	77	4.1
103	77	4.1
104	77	4.1
105	77	4.1
106	77	4.1
107	77	4.1
108	77	4.1
109	77	4.1
110	77	4.1
111	77	4.1
112	77	4.1
113	77	4.1
114	77	4.1
115	77	4.1
116	77	4.1
117	77	4.1
118	77	4.1
119	77	4.1
120	77	4.1
121	77	4.1
122	77	4.1
123	77	4.1
124	77	4.1
125	77	4.1
126	77	4.1
127	77	4.1
128	77	4.1
129	77	4.1
130	77	4.1
131	77	4.1
132	77	4.1
133	77	4.1
134	77	4.1
135	77	4.1
136	77	4.1
137	77	4.1
138	77	4.1
139	77	4.1
140	77	4.1
141	77	4.1
142	77	4.1
143	77	4.1
144	77	4.1
145	77	4.1
146	77	4.1
147	77	4.1
148	77	4.1
149	77	4.1
150	77	4.1
151	77	4.1
152	77	4.1
153	77	4.1
154	77	4.1
155	77	4.1
156	77	4.1
157	77	4.1
0	79	4.1
1	79	4.1
2	79	4.1
3	79	4.1
4	79	4.1
5	79	4.1
6	79	4.1
7	79	4.1
8	79	4.1
9	79	4.1
10	79	4.1
11	79	4.1
12	79	4.1
13	79	4.1
14	79	4.1
15	79	4.1
16	79	4.1
17	79	4.1
18	79	4.1
19	79	4.1
20	79	4.1
21	79	4.1
22	79	4.1
23	79	4.1
24	79	4.1
25	79	4.1
26	79	4.1
27	79	4.1
28	79	4.1
29	79	4.1
30	79	4.1
31	79	4.1
32	79	4.1
33	79	4.1
34	79	4.1
35	79	4.1
36	79	4.1
37	79	4.1
38	79	4.1
39	79	4.1
40	79	4.1
41	79	4.1
42	79	4.1
43	79	4.1
44	79	4.1
45	79	4.1
46	79	4.1
47	79	4.1
48	79	4.1
49	79	4.1
50	79	4.1
51	79	4.1
52	79	4.1
53	79	4.1
54	79	4.1
55	79	4.1
56	79	4.1
57	79	4.1
58	79	4.1
59	79	4.1
60	79	4.1
61	79	4.1
62	79	4.1
63	79	4.1
64	79	4.1
65	79	4.1
66	79	4.1
67	79	4.1
68	79	4.1
69	79	4.1
70	79	4.1
71	79	4.1
72	79	4.1
73	79	4.1
74	79	4.1
75	79	4.1
76	79	4.1
77	79	4.1
78	79	4.1
79	79	4.1
80	79	4.1
81	79	4.1
82	79	4.1
83	79	4.1
84	79	4.1
85	79	4.1
86	79	4.1
87	79	4.1
88	79	4.1
89	79	4.1
90	79	4.1
91	79	4.1
92	79	4.1
93	79	4.1
94	79	4.1
95	79	4.1
96	79	4.1
97	79	4.1
98	79	4.1
99	79	4.1
100	79	4.1
101	79	4.1
102	79	4.1
103	79	4.1
104	79	4.1
105	79	4.1
106	79	4.1
107	79	4.1
108	79	4.1
109	79	4.1
110	79	4.1
111	79	4.1
112	79	4.1
113	79	4.1
114	79	4.1
115	79	4.1
116	79	4.1
117	79	4.1
118	79	4.1
119	79	4.1
120	79	4.1
121	79	4.1
122	79	4.1
123	79	4.1
124	79	4.1
125	79	4.1
126	79	4.1
127	79	4.1
128	79	4.1
129	79	4.1
130	79	4.1
131	79	4.1
132	79	4.1
133	79	4.1
134	79	4.1
135	79	4.1
136	79	4.1
137	79	4.1
138	79	4.1
139	79	4.1
140	79	4.1
141	79	4.1
142	79	4.1
143	79	4.1
144	79	4.1
145	79	4.1
146	79	4.1
147	79	4.1
148	79	4.1
149	79	4.1
150	79	4.1
151	79	4.1
152	79	4.1
153	79	4.1
154	79	4.1
155	79	4.1
156	79	4.1
157	79	4.1
