-1        -1        0
-1        -0.9        0
-1        -0.8        0
-1        -0.7        0
-1        -0.6        0
-1        -0.5        0
-1        -0.4        0
-1        -0.3        0
-1        -0.2        0
-1        -0.1        0
-1        -1.38778e-16        0
-1        0.1        0
-1        0.2        0
-1        0.3        0
-1        0.4        0
-1        0.5        0
-1        0.6        0
-1        0.7        0
-1        0.8        0
-1        0.9        0
-1        1        0
-1        1.1        0
-1        1.2        0
-1        1.3        0
-1        1.4        0
-1        1.5        0
-1        1.6        0
-1        1.7        0
-1        1.8        0
-1        1.9        0
-1        2        0
-1        2.1        0
-1        2.2        0
-1        2.3        0
-1        2.4        0
-1        2.5        0
-1        2.6        0
-1        2.7        0
-1        2.8        0
-1        2.9        0
-0.9        -1        0
-0.9        -0.9        0
-0.9        -0.8        0
-0.9        -0.7        0
-0.9        -0.6        0
-0.9        -0.5        0
-0.9        -0.4        0
-0.9        -0.3        0
-0.9        -0.2        0
-0.9        -0.1        0
-0.9        -1.38778e-16        0
-0.9        0.1        0
-0.9        0.2        0
-0.9        0.3        0
-0.9        0.4        0
-0.9        0.5        0
-0.9        0.6        0
-0.9        0.7        0
-0.9        0.8        0
-0.9        0.9        0
-0.9        1        0
-0.9        1.1        0
-0.9        1.2        0
-0.9        1.3        0
-0.9        1.4        0
-0.9        1.5        0
-0.9        1.6        0
-0.9        1.7        0
-0.9        1.8        0
-0.9        1.9        0
-0.9        2        0
-0.9        2.1        0
-0.9        2.2        0
-0.9        2.3        0
-0.9        2.4        0
-0.9        2.5        0
-0.9        2.6        0
-0.9        2.7        0
-0.9        2.8        0
-0.9        2.9        0
-0.8        -1        0
-0.8        -0.9        0
-0.8        -0.8        0
-0.8        -0.7        0
-0.8        -0.6        0
-0.8        -0.5        0
-0.8        -0.4        0
-0.8        -0.3        0
-0.8        -0.2        0
-0.8        -0.1        0
-0.8        -1.38778e-16        0
-0.8        0.1        0
-0.8        0.2        0
-0.8        0.3        0
-0.8        0.4        0
-0.8        0.5        0
-0.8        0.6        0
-0.8        0.7        0
-0.8        0.8        0
-0.8        0.9        0
-0.8        1        0
-0.8        1.1        0
-0.8        1.2        0
-0.8        1.3        0
-0.8        1.4        0
-0.8        1.5        0
-0.8        1.6        0
-0.8        1.7        0
-0.8        1.8        0
-0.8        1.9        0
-0.8        2        0
-0.8        2.1        0
-0.8        2.2        0
-0.8        2.3        0
-0.8        2.4        0
-0.8        2.5        0
-0.8        2.6        0
-0.8        2.7        0
-0.8        2.8        0
-0.8        2.9        0
-0.7        -1        0
-0.7        -0.9        0
-0.7        -0.8        0
-0.7        -0.7        0
-0.7        -0.6        0
-0.7        -0.5        0
-0.7        -0.4        0
-0.7        -0.3        0
-0.7        -0.2        0
-0.7        -0.1        0
-0.7        -1.38778e-16        0
-0.7        0.1        0
-0.7        0.2        0
-0.7        0.3        0
-0.7        0.4        0
-0.7        0.5        0
-0.7        0.6        0
-0.7        0.7        0
-0.7        0.8        0
-0.7        0.9        0
-0.7        1        0
-0.7        1.1        0
-0.7        1.2        0
-0.7        1.3        0
-0.7        1.4        0
-0.7        1.5        0
-0.7        1.6        0
-0.7        1.7        0
-0.7        1.8        0
-0.7        1.9        0
-0.7        2        0
-0.7        2.1        0
-0.7        2.2        0
-0.7        2.3        0
-0.7        2.4        0
-0.7        2.5        0
-0.7        2.6        0
-0.7        2.7        0
-0.7        2.8        0
-0.7        2.9        0
-0.6        -1        0
-0.6        -0.9        0
-0.6        -0.8        0
-0.6        -0.7        0
-0.6        -0.6        0
-0.6        -0.5        0
-0.6        -0.4        0
-0.6        -0.3        0
-0.6        -0.2        0
-0.6        -0.1        0
-0.6        -1.38778e-16        0
-0.6        0.1        0
-0.6        0.2        0
-0.6        0.3        0
-0.6        0.4        0
-0.6        0.5        0
-0.6        0.6        0
-0.6        0.7        0
-0.6        0.8        0
-0.6        0.9        0
-0.6        1        0
-0.6        1.1        0
-0.6        1.2        0
-0.6        1.3        0
-0.6        1.4        0
-0.6        1.5        0
-0.6        1.6        0
-0.6        1.7        0
-0.6        1.8        0
-0.6        1.9        0
-0.6        2        0
-0.6        2.1        0
-0.6        2.2        0
-0.6        2.3        0
-0.6        2.4        0
-0.6        2.5        0
-0.6        2.6        0
-0.6        2.7        0
-0.6        2.8        0
-0.6        2.9        0
-0.5        -1        0
-0.5        -0.9        0
-0.5        -0.8        0
-0.5        -0.7        0
-0.5        -0.6        0
-0.5        -0.5        0
-0.5        -0.4        0
-0.5        -0.3        0
-0.5        -0.2        0
-0.5        -0.1        0
-0.5        -1.38778e-16        0
-0.5        0.1        0
-0.5        0.2        0
-0.5        0.3        0
-0.5        0.4        0
-0.5        0.5        0
-0.5        0.6        0
-0.5        0.7        0
-0.5        0.8        0
-0.5        0.9        0
-0.5        1        0
-0.5        1.1        0
-0.5        1.2        0
-0.5        1.3        0
-0.5        1.4        0
-0.5        1.5        0
-0.5        1.6        0
-0.5        1.7        0
-0.5        1.8        0
-0.5        1.9        0
-0.5        2        0
-0.5        2.1        0
-0.5        2.2        0
-0.5        2.3        0
-0.5        2.4        0
-0.5        2.5        0
-0.5        2.6        0
-0.5        2.7        0
-0.5        2.8        0
-0.5        2.9        0
-0.4        -1        0
-0.4        -0.9        0
-0.4        -0.8        0
-0.4        -0.7        0
-0.4        -0.6        0
-0.4        -0.5        0
-0.4        -0.4        0
-0.4        -0.3        0
-0.4        -0.2        0
-0.4        -0.1        0
-0.4        -1.38778e-16        0
-0.4        0.1        0
-0.4        0.2        0
-0.4        0.3        0
-0.4        0.4        0
-0.4        0.5        0
-0.4        0.6        0
-0.4        0.7        0
-0.4        0.8        0
-0.4        0.9        0
-0.4        1        0
-0.4        1.1        0
-0.4        1.2        0
-0.4        1.3        0
-0.4        1.4        0
-0.4        1.5        0
-0.4        1.6        0
-0.4        1.7        0
-0.4        1.8        0
-0.4        1.9        0
-0.4        2        0
-0.4        2.1        0
-0.4        2.2        0
-0.4        2.3        0
-0.4        2.4        0
-0.4        2.5        0
-0.4        2.6        0
-0.4        2.7        0
-0.4        2.8        0
-0.4        2.9        0
-0.3        -1        0
-0.3        -0.9        0
-0.3        -0.8        0
-0.3        -0.7        0
-0.3        -0.6        0
-0.3        -0.5        0
-0.3        -0.4        0
-0.3        -0.3        0
-0.3        -0.2        0
-0.3        -0.1        0
-0.3        -1.38778e-16        0
-0.3        0.1        0
-0.3        0.2        0
-0.3        0.3        0
-0.3        0.4        0
-0.3        0.5        0
-0.3        0.6        0
-0.3        0.7        0
-0.3        0.8        0
-0.3        0.9        0
-0.3        1        0
-0.3        1.1        0
-0.3        1.2        0
-0.3        1.3        0
-0.3        1.4        0
-0.3        1.5        0
-0.3        1.6        0
-0.3        1.7        0
-0.3        1.8        0
-0.3        1.9        0
-0.3        2        0
-0.3        2.1        0
-0.3        2.2        0
-0.3        2.3        0
-0.3        2.4        0
-0.3        2.5        0
-0.3        2.6        0
-0.3        2.7        0
-0.3        2.8        0
-0.3        2.9        0
-0.2        -1        0
-0.2        -0.9        0
-0.2        -0.8        0
-0.2        -0.7        0
-0.2        -0.6        0
-0.2        -0.5        0
-0.2        -0.4        0
-0.2        -0.3        0
-0.2        -0.2        0
-0.2        -0.1        0
-0.2        -1.38778e-16        0
-0.2        0.1        0
-0.2        0.2        0
-0.2        0.3        0
-0.2        0.4        0
-0.2        0.5        0
-0.2        0.6        0
-0.2        0.7        0
-0.2        0.8        0
-0.2        0.9        0
-0.2        1        0
-0.2        1.1        0
-0.2        1.2        0
-0.2        1.3        0
-0.2        1.4        0
-0.2        1.5        0
-0.2        1.6        0
-0.2        1.7        0
-0.2        1.8        0
-0.2        1.9        0
-0.2        2        0
-0.2        2.1        0
-0.2        2.2        0
-0.2        2.3        0
-0.2        2.4        0
-0.2        2.5        0
-0.2        2.6        0
-0.2        2.7        0
-0.2        2.8        0
-0.2        2.9        0
-0.1        -1        0
-0.1        -0.9        0
-0.1        -0.8        0
-0.1        -0.7        0
-0.1        -0.6        0
-0.1        -0.5        0
-0.1        -0.4        0
-0.1        -0.3        0
-0.1        -0.2        0
-0.1        -0.1        0
-0.1        -1.38778e-16        0
-0.1        0.1        0
-0.1        0.2        0
-0.1        0.3        0
-0.1        0.4        0
-0.1        0.5        0
-0.1        0.6        0
-0.1        0.7        0
-0.1        0.8        0
-0.1        0.9        0
-0.1        1        0
-0.1        1.1        0
-0.1        1.2        0
-0.1        1.3        0
-0.1        1.4        0
-0.1        1.5        0
-0.1        1.6        0
-0.1        1.7        0
-0.1        1.8        0
-0.1        1.9        0
-0.1        2        0
-0.1        2.1        0
-0.1        2.2        0
-0.1        2.3        0
-0.1        2.4        0
-0.1        2.5        0
-0.1        2.6        0
-0.1        2.7        0
-0.1        2.8        0
-0.1        2.9        0
-1.38778e-16        -1        0
-1.38778e-16        -0.9        0
-1.38778e-16        -0.8        0
-1.38778e-16        -0.7        0
-1.38778e-16        -0.6        0
-1.38778e-16        -0.5        0
-1.38778e-16        -0.4        0
-1.38778e-16        -0.3        0
-1.38778e-16        -0.2        0
-1.38778e-16        -0.1        0
-1.38778e-16        -1.38778e-16        0
-1.38778e-16        0.1        0
-1.38778e-16        0.2        0
-1.38778e-16        0.3        0
-1.38778e-16        0.4        0
-1.38778e-16        0.5        0
-1.38778e-16        0.6        0
-1.38778e-16        0.7        0
-1.38778e-16        0.8        0
-1.38778e-16        0.9        0
-1.38778e-16        1        0
-1.38778e-16        1.1        0
-1.38778e-16        1.2        0
-1.38778e-16        1.3        0
-1.38778e-16        1.4        0
-1.38778e-16        1.5        0
-1.38778e-16        1.6        0
-1.38778e-16        1.7        0
-1.38778e-16        1.8        0
-1.38778e-16        1.9        0
-1.38778e-16        2        0
-1.38778e-16        2.1        0
-1.38778e-16        2.2        0
-1.38778e-16        2.3        0
-1.38778e-16        2.4        0
-1.38778e-16        2.5        0
-1.38778e-16        2.6        0
-1.38778e-16        2.7        0
-1.38778e-16        2.8        0
-1.38778e-16        2.9        0
0.1        -1        0
0.1        -0.9        0
0.1        -0.8        0
0.1        -0.7        0
0.1        -0.6        0
0.1        -0.5        0
0.1        -0.4        0
0.1        -0.3        0
0.1        -0.2        0
0.1        -0.1        0
0.1        -1.38778e-16        0
0.1        0.1        -1.56657
0.1        0.2        -1.82305
0.1        0.3        -2.05627
0.1        0.4        -2.3328
0.1        0.5        -2.2953
0.1        0.6        -2.22861
0.1        0.7        -2.50083
0.1        0.8        -2.74224
0.1        0.9        -3.03265
0.1        1        -2.97502
0.1        1.1        -2.23
0.1        1.2        -2.45136
0.1        1.3        -2.67934
0.1        1.4        -2.91393
0.1        1.5        -3.15514
0.1        1.6        -3.05514
0.1        1.7        -3.30296
0.1        1.8        -3.5574
0.1        1.9        -3.81845
0.1        2        0
0.1        2.1        0
0.1        2.2        0
0.1        2.3        0
0.1        2.4        0
0.1        2.5        0
0.1        2.6        0
0.1        2.7        0
0.1        2.8        0
0.1        2.9        0
0.2        -1        0
0.2        -0.9        0
0.2        -0.8        0
0.2        -0.7        0
0.2        -0.6        0
0.2        -0.5        0
0.2        -0.4        0
0.2        -0.3        0
0.2        -0.2        0
0.2        -0.1        0
0.2        -1.38778e-16        0
0.2        0.1        -1.75426
0.2        0.2        -2.01074
0.2        0.3        -2.24396
0.2        0.4        -2.52049
0.2        0.5        -2.48299
0.2        0.6        -2.40006
0.2        0.7        -2.67228
0.2        0.8        -2.91369
0.2        0.9        -3.2041
0.2        1        -3.14647
0.2        1.1        -2.35825
0.2        1.2        -2.57961
0.2        1.3        -2.80759
0.2        1.4        -3.04218
0.2        1.5        -3.28339
0.2        1.6        -3.18339
0.2        1.7        -3.43121
0.2        1.8        -3.68565
0.2        1.9        -3.9467
0.2        2        0
0.2        2.1        0
0.2        2.2        0
0.2        2.3        0
0.2        2.4        0
0.2        2.5        0
0.2        2.6        0
0.2        2.7        0
0.2        2.8        0
0.2        2.9        0
0.3        -1        0
0.3        -0.9        0
0.3        -0.8        0
0.3        -0.7        0
0.3        -0.6        0
0.3        -0.5        0
0.3        -0.4        0
0.3        -0.3        0
0.3        -0.2        0
0.3        -0.1        0
0.3        -1.38778e-16        0
0.3        0.1        -1.95759
0.3        0.2        -2.21407
0.3        0.3        -2.44729
0.3        0.4        -2.72382
0.3        0.5        -2.68632
0.3        0.6        -2.58483
0.3        0.7        -2.85704
0.3        0.8        -3.09846
0.3        0.9        -3.38886
0.3        1        -3.33124
0.3        1.1        -2.51831
0.3        1.2        -2.73967
0.3        1.3        -2.96765
0.3        1.4        -3.20225
0.3        1.5        -3.44345
0.3        1.6        -3.34345
0.3        1.7        -3.59128
0.3        1.8        -3.84571
0.3        1.9        -4.10676
0.3        2        0
0.3        2.1        0
0.3        2.2        0
0.3        2.3        0
0.3        2.4        0
0.3        2.5        0
0.3        2.6        0
0.3        2.7        0
0.3        2.8        0
0.3        2.9        0
0.4        -1        0
0.4        -0.9        0
0.4        -0.8        0
0.4        -0.7        0
0.4        -0.6        0
0.4        -0.5        0
0.4        -0.4        0
0.4        -0.3        0
0.4        -0.2        0
0.4        -0.1        0
0.4        -1.38778e-16        0
0.4        0.1        -2.22596
0.4        0.2        -2.48244
0.4        0.3        -2.71566
0.4        0.4        -2.99219
0.4        0.5        -2.9547
0.4        0.6        -2.83231
0.4        0.7        -3.10453
0.4        0.8        -3.34594
0.4        0.9        -3.63634
0.4        1        -3.57872
0.4        1.1        -2.71019
0.4        1.2        -2.93155
0.4        1.3        -3.15953
0.4        1.4        -3.39412
0.4        1.5        -3.63533
0.4        1.6        -3.53533
0.4        1.7        -3.78315
0.4        1.8        -4.03759
0.4        1.9        -4.29864
0.4        2        0
0.4        2.1        0
0.4        2.2        0
0.4        2.3        0
0.4        2.4        0
0.4        2.5        0
0.4        2.6        0
0.4        2.7        0
0.4        2.8        0
0.4        2.9        0
0.5        -1        0
0.5        -0.9        0
0.5        -0.8        0
0.5        -0.7        0
0.5        -0.6        0
0.5        -0.5        0
0.5        -0.4        0
0.5        -0.3        0
0.5        -0.2        0
0.5        -0.1        0
0.5        -1.38778e-16        0
0.5        0.1        -2.09008
0.5        0.2        -2.34656
0.5        0.3        -2.57978
0.5        0.4        -2.85631
0.5        0.5        -2.81881
0.5        0.6        -2.67322
0.5        0.7        -2.94543
0.5        0.8        -3.18684
0.5        0.9        -3.47725
0.5        1        -3.41962
0.5        1.1        -2.52019
0.5        1.2        -2.74155
0.5        1.3        -2.96953
0.5        1.4        -3.20412
0.5        1.5        -3.44533
0.5        1.6        -3.34533
0.5        1.7        -3.59315
0.5        1.8        -3.84759
0.5        1.9        -4.10864
0.5        2        0
0.5        2.1        0
0.5        2.2        0
0.5        2.3        0
0.5        2.4        0
0.5        2.5        0
0.5        2.6        0
0.5        2.7        0
0.5        2.8        0
0.5        2.9        0
0.6        -1        0
0.6        -0.9        0
0.6        -0.8        0
0.6        -0.7        0
0.6        -0.6        0
0.6        -0.5        0
0.6        -0.4        0
0.6        -0.3        0
0.6        -0.2        0
0.6        -0.1        0
0.6        -1.38778e-16        0
0.6        0.1        -2.05528
0.6        0.2        -2.28781
0.6        0.3        -2.49615
0.6        0.4        -2.74686
0.6        0.5        -2.68262
0.6        0.6        -2.94492
0.6        0.7        -3.21713
0.6        0.8        -3.45854
0.6        0.9        -3.74895
0.6        1        -3.69132
0.6        1.1        -2.72388
0.6        1.2        -2.94525
0.6        1.3        -3.17322
0.6        1.4        -3.40782
0.6        1.5        -3.64903
0.6        1.6        -3.54903
0.6        1.7        -3.79685
0.6        1.8        -4.05128
0.6        1.9        -4.31234
0.6        2        0
0.6        2.1        0
0.6        2.2        0
0.6        2.3        0
0.6        2.4        0
0.6        2.5        0
0.6        2.6        0
0.6        2.7        0
0.6        2.8        0
0.6        2.9        0
0.7        -1        0
0.7        -0.9        0
0.7        -0.8        0
0.7        -0.7        0
0.7        -0.6        0
0.7        -0.5        0
0.7        -0.4        0
0.7        -0.3        0
0.7        -0.2        0
0.7        -0.1        0
0.7        -1.38778e-16        0
0.7        0.1        -2.36707
0.7        0.2        -2.59959
0.7        0.3        -2.80793
0.7        0.4        -3.05865
0.7        0.5        -2.99441
0.7        0.6        -3.2567
0.7        0.7        -3.52891
0.7        0.8        -3.77033
0.7        0.9        -4.06073
0.7        1        -4.00311
0.7        1.1        -2.95939
0.7        1.2        -3.18076
0.7        1.3        -3.40873
0.7        1.4        -3.64333
0.7        1.5        -3.88453
0.7        1.6        -3.78453
0.7        1.7        -4.03236
0.7        1.8        -4.28679
0.7        1.9        -4.54784
0.7        2        0
0.7        2.1        0
0.7        2.2        0
0.7        2.3        0
0.7        2.4        0
0.7        2.5        0
0.7        2.6        0
0.7        2.7        0
0.7        2.8        0
0.7        2.9        0
0.8        -1        0
0.8        -0.9        0
0.8        -0.8        0
0.8        -0.7        0
0.8        -0.6        0
0.8        -0.5        0
0.8        -0.4        0
0.8        -0.3        0
0.8        -0.2        0
0.8        -0.1        0
0.8        -1.38778e-16        0
0.8        0.1        -2.67563
0.8        0.2        -2.90815
0.8        0.3        -3.11649
0.8        0.4        -3.36721
0.8        0.5        -3.30297
0.8        0.6        -3.56526
0.8        0.7        -3.83748
0.8        0.8        -4.07889
0.8        0.9        -4.36929
0.8        1        -4.31167
0.8        1.1        -3.22672
0.8        1.2        -3.44808
0.8        1.3        -3.67606
0.8        1.4        -3.91065
0.8        1.5        -4.15186
0.8        1.6        -4.05186
0.8        1.7        -4.29968
0.8        1.8        -4.55412
0.8        1.9        -4.81517
0.8        2        0
0.8        2.1        0
0.8        2.2        0
0.8        2.3        0
0.8        2.4        0
0.8        2.5        0
0.8        2.6        0
0.8        2.7        0
0.8        2.8        0
0.8        2.9        0
0.9        -1        0
0.9        -0.9        0
0.9        -0.8        0
0.9        -0.7        0
0.9        -0.6        0
0.9        -0.5        0
0.9        -0.4        0
0.9        -0.3        0
0.9        -0.2        0
0.9        -0.1        0
0.9        -1.38778e-16        0
0.9        0.1        -3.06344
0.9        0.2        -3.29597
0.9        0.3        -3.50431
0.9        0.4        -3.75503
0.9        0.5        -3.69079
0.9        0.6        -3.95308
0.9        0.7        -4.22529
0.9        0.8        -4.46671
0.9        0.9        -4.75711
0.9        1        -4.69949
0.9        1.1        -3.52585
0.9        1.2        -3.74722
0.9        1.3        -3.9752
0.9        1.4        -4.20979
0.9        1.5        -4.451
0.9        1.6        -4.351
0.9        1.7        -4.59882
0.9        1.8        -4.85325
0.9        1.9        -5.11431
0.9        2        0
0.9        2.1        0
0.9        2.2        0
0.9        2.3        0
0.9        2.4        0
0.9        2.5        0
0.9        2.6        0
0.9        2.7        0
0.9        2.8        0
0.9        2.9        0
1        -1        0
1        -0.9        0
1        -0.8        0
1        -0.7        0
1        -0.6        0
1        -0.5        0
1        -0.4        0
1        -0.3        0
1        -0.2        0
1        -0.1        0
1        -1.38778e-16        0
1        0.1        -2.82088
1        0.2        -3.05341
1        0.3        -3.26175
1        0.4        -3.51247
1        0.5        -3.44823
1        0.6        -3.71052
1        0.7        -3.98273
1        0.8        -4.22415
1        0.9        -4.51455
1        1        -4.45693
1        1.1        -3.23585
1        1.2        -3.45722
1        1.3        -3.6852
1        1.4        -3.91979
1        1.5        -4.161
1        1.6        -4.061
1        1.7        -4.30882
1        1.8        -4.56325
1        1.9        -4.82431
1        2        0
1        2.1        0
1        2.2        0
1        2.3        0
1        2.4        0
1        2.5        0
1        2.6        0
1        2.7        0
1        2.8        0
1        2.9        0
1.1        -1        0
1.1        -0.9        0
1.1        -0.8        0
1.1        -0.7        0
1.1        -0.6        0
1.1        -0.5        0
1.1        -0.4        0
1.1        -0.3        0
1.1        -0.2        0
1.1        -0.1        0
1.1        -1.38778e-16        0
1.1        0.1        -2.21403
1.1        0.2        -2.38247
1.1        0.3        -2.55753
1.1        0.4        -2.73921
1.1        0.5        -2.63921
1.1        0.6        -2.8275
1.1        0.7        -3.02241
1.1        0.8        -3.22392
1.1        0.9        -3.43206
1.1        1        -3.33206
1.1        1.1        -3.54681
1.1        1.2        -3.76817
1.1        1.3        -3.99615
1.1        1.4        -4.23074
1.1        1.5        -4.47195
1.1        1.6        -4.37195
1.1        1.7        -4.61977
1.1        1.8        -4.87421
1.1        1.9        -5.13526
1.1        2        0
1.1        2.1        0
1.1        2.2        0
1.1        2.3        0
1.1        2.4        0
1.1        2.5        0
1.1        2.6        0
1.1        2.7        0
1.1        2.8        0
1.1        2.9        0
1.2        -1        0
1.2        -0.9        0
1.2        -0.8        0
1.2        -0.7        0
1.2        -0.6        0
1.2        -0.5        0
1.2        -0.4        0
1.2        -0.3        0
1.2        -0.2        0
1.2        -0.1        0
1.2        -1.38778e-16        0
1.2        0.1        -2.5568
1.2        0.2        -2.72524
1.2        0.3        -2.9003
1.2        0.4        -3.08198
1.2        0.5        -2.98198
1.2        0.6        -3.17027
1.2        0.7        -3.36517
1.2        0.8        -3.56669
1.2        0.9        -3.77483
1.2        1        -3.67483
1.2        1.1        -3.88958
1.2        1.2        -4.11094
1.2        1.3        -4.33892
1.2        1.4        -4.57351
1.2        1.5        -4.81472
1.2        1.6        -4.71472
1.2        1.7        -4.96254
1.2        1.8        -5.21698
1.2        1.9        -5.47803
1.2        2        0
1.2        2.1        0
1.2        2.2        0
1.2        2.3        0
1.2        2.4        0
1.2        2.5        0
1.2        2.6        0
1.2        2.7        0
1.2        2.8        0
1.2        2.9        0
1.3        -1        0
1.3        -0.9        0
1.3        -0.8        0
1.3        -0.7        0
1.3        -0.6        0
1.3        -0.5        0
1.3        -0.4        0
1.3        -0.3        0
1.3        -0.2        0
1.3        -0.1        0
1.3        -1.38778e-16        0
1.3        0.1        -2.93138
1.3        0.2        -3.09983
1.3        0.3        -3.27489
1.3        0.4        -3.45656
1.3        0.5        -3.35656
1.3        0.6        -3.54485
1.3        0.7        -3.73976
1.3        0.8        -3.94128
1.3        0.9        -4.14941
1.3        1        -4.04941
1.3        1.1        -4.26416
1.3        1.2        -4.48552
1.3        1.3        -4.7135
1.3        1.4        -4.94809
1.3        1.5        -5.1893
1.3        1.6        -5.0893
1.3        1.7        -5.33712
1.3        1.8        -5.59156
1.3        1.9        -5.85261
1.3        2        0
1.3        2.1        0
1.3        2.2        0
1.3        2.3        0
1.3        2.4        0
1.3        2.5        0
1.3        2.6        0
1.3        2.7        0
1.3        2.8        0
1.3        2.9        0
1.4        -1        0
1.4        -0.9        0
1.4        -0.8        0
1.4        -0.7        0
1.4        -0.6        0
1.4        -0.5        0
1.4        -0.4        0
1.4        -0.3        0
1.4        -0.2        0
1.4        -0.1        0
1.4        -1.38778e-16        0
1.4        0.1        -3.33778
1.4        0.2        -3.50623
1.4        0.3        -3.68129
1.4        0.4        -3.86296
1.4        0.5        -3.76296
1.4        0.6        -3.95125
1.4        0.7        -4.14616
1.4        0.8        -4.34768
1.4        0.9        -4.55581
1.4        1        -4.45581
1.4        1.1        -4.67056
1.4        1.2        -4.89192
1.4        1.3        -5.1199
1.4        1.4        -5.35449
1.4        1.5        -5.5957
1.4        1.6        -5.4957
1.4        1.7        -5.74352
1.4        1.8        -5.99796
1.4        1.9        -6.25901
1.4        2        0
1.4        2.1        0
1.4        2.2        0
1.4        2.3        0
1.4        2.4        0
1.4        2.5        0
1.4        2.6        0
1.4        2.7        0
1.4        2.8        0
1.4        2.9        0
1.5        -1        0
1.5        -0.9        0
1.5        -0.8        0
1.5        -0.7        0
1.5        -0.6        0
1.5        -0.5        0
1.5        -0.4        0
1.5        -0.3        0
1.5        -0.2        0
1.5        -0.1        0
1.5        -1.38778e-16        0
1.5        0.1        -3.77599
1.5        0.2        -3.94444
1.5        0.3        -4.1195
1.5        0.4        -4.30117
1.5        0.5        -4.20117
1.5        0.6        -4.38946
1.5        0.7        -4.58437
1.5        0.8        -4.78589
1.5        0.9        -4.99402
1.5        1        -4.89402
1.5        1.1        -5.10877
1.5        1.2        -5.33014
1.5        1.3        -5.55811
1.5        1.4        -5.79271
1.5        1.5        -6.03391
1.5        1.6        -5.93391
1.5        1.7        -6.18174
1.5        1.8        -6.43617
1.5        1.9        -6.69722
1.5        2        0
1.5        2.1        0
1.5        2.2        0
1.5        2.3        0
1.5        2.4        0
1.5        2.5        0
1.5        2.6        0
1.5        2.7        0
1.5        2.8        0
1.5        2.9        0
1.6        -1        0
1.6        -0.9        0
1.6        -0.8        0
1.6        -0.7        0
1.6        -0.6        0
1.6        -0.5        0
1.6        -0.4        0
1.6        -0.3        0
1.6        -0.2        0
1.6        -0.1        0
1.6        -1.38778e-16        0
1.6        0.1        -3.36599
1.6        0.2        -3.53444
1.6        0.3        -3.7095
1.6        0.4        -3.89117
1.6        0.5        -3.79117
1.6        0.6        -3.97946
1.6        0.7        -4.17437
1.6        0.8        -4.37589
1.6        0.9        -4.58402
1.6        1        -4.48402
1.6        1.1        -4.69877
1.6        1.2        -4.92014
1.6        1.3        -5.14811
1.6        1.4        -5.38271
1.6        1.5        -5.62391
1.6        1.6        -5.52391
1.6        1.7        -5.77174
1.6        1.8        -6.02617
1.6        1.9        -6.28722
1.6        2        0
1.6        2.1        0
1.6        2.2        0
1.6        2.3        0
1.6        2.4        0
1.6        2.5        0
1.6        2.6        0
1.6        2.7        0
1.6        2.8        0
1.6        2.9        0
1.7        -1        0
1.7        -0.9        0
1.7        -0.8        0
1.7        -0.7        0
1.7        -0.6        0
1.7        -0.5        0
1.7        -0.4        0
1.7        -0.3        0
1.7        -0.2        0
1.7        -0.1        0
1.7        -1.38778e-16        0
1.7        0.1        -3.81602
1.7        0.2        -3.98447
1.7        0.3        -4.15953
1.7        0.4        -4.3412
1.7        0.5        -4.2412
1.7        0.6        -4.42949
1.7        0.7        -4.6244
1.7        0.8        -4.82592
1.7        0.9        -5.03405
1.7        1        -4.93405
1.7        1.1        -5.1488
1.7        1.2        -5.37016
1.7        1.3        -5.59814
1.7        1.4        -5.83273
1.7        1.5        -6.07394
1.7        1.6        -5.97394
1.7        1.7        -6.22176
1.7        1.8        -6.4762
1.7        1.9        -6.73725
1.7        2        0
1.7        2.1        0
1.7        2.2        0
1.7        2.3        0
1.7        2.4        0
1.7        2.5        0
1.7        2.6        0
1.7        2.7        0
1.7        2.8        0
1.7        2.9        0
1.8        -1        0
1.8        -0.9        0
1.8        -0.8        0
1.8        -0.7        0
1.8        -0.6        0
1.8        -0.5        0
1.8        -0.4        0
1.8        -0.3        0
1.8        -0.2        0
1.8        -0.1        0
1.8        -1.38778e-16        0
1.8        0.1        -4.29787
1.8        0.2        -4.46631
1.8        0.3        -4.64137
1.8        0.4        -4.82305
1.8        0.5        -4.72305
1.8        0.6        -4.91134
1.8        0.7        -5.10624
1.8        0.8        -5.30776
1.8        0.9        -5.5159
1.8        1        -5.4159
1.8        1.1        -5.63064
1.8        1.2        -5.85201
1.8        1.3        -6.07999
1.8        1.4        -6.31458
1.8        1.5        -6.55579
1.8        1.6        -6.45579
1.8        1.7        -6.70361
1.8        1.8        -6.95805
1.8        1.9        -7.2191
1.8        2        0
1.8        2.1        0
1.8        2.2        0
1.8        2.3        0
1.8        2.4        0
1.8        2.5        0
1.8        2.6        0
1.8        2.7        0
1.8        2.8        0
1.8        2.9        0
1.9        -1        0
1.9        -0.9        0
1.9        -0.8        0
1.9        -0.7        0
1.9        -0.6        0
1.9        -0.5        0
1.9        -0.4        0
1.9        -0.3        0
1.9        -0.2        0
1.9        -0.1        0
1.9        -1.38778e-16        0
1.9        0.1        -4.81152
1.9        0.2        -4.97997
1.9        0.3        -5.15503
1.9        0.4        -5.33671
1.9        0.5        -5.23671
1.9        0.6        -5.425
1.9        0.7        -5.6199
1.9        0.8        -5.82142
1.9        0.9        -6.02955
1.9        1        -5.92955
1.9        1.1        -6.1443
1.9        1.2        -6.36567
1.9        1.3        -6.59364
1.9        1.4        -6.82824
1.9        1.5        -7.06944
1.9        1.6        -6.96944
1.9        1.7        -7.21727
1.9        1.8        -7.4717
1.9        1.9        -7.73276
1.9        2        0
1.9        2.1        0
1.9        2.2        0
1.9        2.3        0
1.9        2.4        0
1.9        2.5        0
1.9        2.6        0
1.9        2.7        0
1.9        2.8        0
1.9        2.9        0
2        -1        0
2        -0.9        0
2        -0.8        0
2        -0.7        0
2        -0.6        0
2        -0.5        0
2        -0.4        0
2        -0.3        0
2        -0.2        0
2        -0.1        0
2        -1.38778e-16        0
2        0.1        0
2        0.2        0
2        0.3        0
2        0.4        0
2        0.5        0
2        0.6        0
2        0.7        0
2        0.8        0
2        0.9        0
2        1        0
2        1.1        0
2        1.2        0
2        1.3        0
2        1.4        0
2        1.5        0
2        1.6        0
2        1.7        0
2        1.8        0
2        1.9        0
2        2        0
2        2.1        0
2        2.2        0
2        2.3        0
2        2.4        0
2        2.5        0
2        2.6        0
2        2.7        0
2        2.8        0
2        2.9        0
2.1        -1        0
2.1        -0.9        0
2.1        -0.8        0
2.1        -0.7        0
2.1        -0.6        0
2.1        -0.5        0
2.1        -0.4        0
2.1        -0.3        0
2.1        -0.2        0
2.1        -0.1        0
2.1        -1.38778e-16        0
2.1        0.1        0
2.1        0.2        0
2.1        0.3        0
2.1        0.4        0
2.1        0.5        0
2.1        0.6        0
2.1        0.7        0
2.1        0.8        0
2.1        0.9        0
2.1        1        0
2.1        1.1        0
2.1        1.2        0
2.1        1.3        0
2.1        1.4        0
2.1        1.5        0
2.1        1.6        0
2.1        1.7        0
2.1        1.8        0
2.1        1.9        0
2.1        2        0
2.1        2.1        0
2.1        2.2        0
2.1        2.3        0
2.1        2.4        0
2.1        2.5        0
2.1        2.6        0
2.1        2.7        0
2.1        2.8        0
2.1        2.9        0
2.2        -1        0
2.2        -0.9        0
2.2        -0.8        0
2.2        -0.7        0
2.2        -0.6        0
2.2        -0.5        0
2.2        -0.4        0
2.2        -0.3        0
2.2        -0.2        0
2.2        -0.1        0
2.2        -1.38778e-16        0
2.2        0.1        0
2.2        0.2        0
2.2        0.3        0
2.2        0.4        0
2.2        0.5        0
2.2        0.6        0
2.2        0.7        0
2.2        0.8        0
2.2        0.9        0
2.2        1        0
2.2        1.1        0
2.2        1.2        0
2.2        1.3        0
2.2        1.4        0
2.2        1.5        0
2.2        1.6        0
2.2        1.7        0
2.2        1.8        0
2.2        1.9        0
2.2        2        0
2.2        2.1        0
2.2        2.2        0
2.2        2.3        0
2.2        2.4        0
2.2        2.5        0
2.2        2.6        0
2.2        2.7        0
2.2        2.8        0
2.2        2.9        0
2.3        -1        0
2.3        -0.9        0
2.3        -0.8        0
2.3        -0.7        0
2.3        -0.6        0
2.3        -0.5        0
2.3        -0.4        0
2.3        -0.3        0
2.3        -0.2        0
2.3        -0.1        0
2.3        -1.38778e-16        0
2.3        0.1        0
2.3        0.2        0
2.3        0.3        0
2.3        0.4        0
2.3        0.5        0
2.3        0.6        0
2.3        0.7        0
2.3        0.8        0
2.3        0.9        0
2.3        1        0
2.3        1.1        0
2.3        1.2        0
2.3        1.3        0
2.3        1.4        0
2.3        1.5        0
2.3        1.6        0
2.3        1.7        0
2.3        1.8        0
2.3        1.9        0
2.3        2        0
2.3        2.1        0
2.3        2.2        0
2.3        2.3        0
2.3        2.4        0
2.3        2.5        0
2.3        2.6        0
2.3        2.7        0
2.3        2.8        0
2.3        2.9        0
2.4        -1        0
2.4        -0.9        0
2.4        -0.8        0
2.4        -0.7        0
2.4        -0.6        0
2.4        -0.5        0
2.4        -0.4        0
2.4        -0.3        0
2.4        -0.2        0
2.4        -0.1        0
2.4        -1.38778e-16        0
2.4        0.1        0
2.4        0.2        0
2.4        0.3        0
2.4        0.4        0
2.4        0.5        0
2.4        0.6        0
2.4        0.7        0
2.4        0.8        0
2.4        0.9        0
2.4        1        0
2.4        1.1        0
2.4        1.2        0
2.4        1.3        0
2.4        1.4        0
2.4        1.5        0
2.4        1.6        0
2.4        1.7        0
2.4        1.8        0
2.4        1.9        0
2.4        2        0
2.4        2.1        0
2.4        2.2        0
2.4        2.3        0
2.4        2.4        0
2.4        2.5        0
2.4        2.6        0
2.4        2.7        0
2.4        2.8        0
2.4        2.9        0
2.5        -1        0
2.5        -0.9        0
2.5        -0.8        0
2.5        -0.7        0
2.5        -0.6        0
2.5        -0.5        0
2.5        -0.4        0
2.5        -0.3        0
2.5        -0.2        0
2.5        -0.1        0
2.5        -1.38778e-16        0
2.5        0.1        0
2.5        0.2        0
2.5        0.3        0
2.5        0.4        0
2.5        0.5        0
2.5        0.6        0
2.5        0.7        0
2.5        0.8        0
2.5        0.9        0
2.5        1        0
2.5        1.1        0
2.5        1.2        0
2.5        1.3        0
2.5        1.4        0
2.5        1.5        0
2.5        1.6        0
2.5        1.7        0
2.5        1.8        0
2.5        1.9        0
2.5        2        0
2.5        2.1        0
2.5        2.2        0
2.5        2.3        0
2.5        2.4        0
2.5        2.5        0
2.5        2.6        0
2.5        2.7        0
2.5        2.8        0
2.5        2.9        0
2.6        -1        0
2.6        -0.9        0
2.6        -0.8        0
2.6        -0.7        0
2.6        -0.6        0
2.6        -0.5        0
2.6        -0.4        0
2.6        -0.3        0
2.6        -0.2        0
2.6        -0.1        0
2.6        -1.38778e-16        0
2.6        0.1        0
2.6        0.2        0
2.6        0.3        0
2.6        0.4        0
2.6        0.5        0
2.6        0.6        0
2.6        0.7        0
2.6        0.8        0
2.6        0.9        0
2.6        1        0
2.6        1.1        0
2.6        1.2        0
2.6        1.3        0
2.6        1.4        0
2.6        1.5        0
2.6        1.6        0
2.6        1.7        0
2.6        1.8        0
2.6        1.9        0
2.6        2        0
2.6        2.1        0
2.6        2.2        0
2.6        2.3        0
2.6        2.4        0
2.6        2.5        0
2.6        2.6        0
2.6        2.7        0
2.6        2.8        0
2.6        2.9        0
2.7        -1        0
2.7        -0.9        0
2.7        -0.8        0
2.7        -0.7        0
2.7        -0.6        0
2.7        -0.5        0
2.7        -0.4        0
2.7        -0.3        0
2.7        -0.2        0
2.7        -0.1        0
2.7        -1.38778e-16        0
2.7        0.1        0
2.7        0.2        0
2.7        0.3        0
2.7        0.4        0
2.7        0.5        0
2.7        0.6        0
2.7        0.7        0
2.7        0.8        0
2.7        0.9        0
2.7        1        0
2.7        1.1        0
2.7        1.2        0
2.7        1.3        0
2.7        1.4        0
2.7        1.5        0
2.7        1.6        0
2.7        1.7        0
2.7        1.8        0
2.7        1.9        0
2.7        2        0
2.7        2.1        0
2.7        2.2        0
2.7        2.3        0
2.7        2.4        0
2.7        2.5        0
2.7        2.6        0
2.7        2.7        0
2.7        2.8        0
2.7        2.9        0
2.8        -1        0
2.8        -0.9        0
2.8        -0.8        0
2.8        -0.7        0
2.8        -0.6        0
2.8        -0.5        0
2.8        -0.4        0
2.8        -0.3        0
2.8        -0.2        0
2.8        -0.1        0
2.8        -1.38778e-16        0
2.8        0.1        0
2.8        0.2        0
2.8        0.3        0
2.8        0.4        0
2.8        0.5        0
2.8        0.6        0
2.8        0.7        0
2.8        0.8        0
2.8        0.9        0
2.8        1        0
2.8        1.1        0
2.8        1.2        0
2.8        1.3        0
2.8        1.4        0
2.8        1.5        0
2.8        1.6        0
2.8        1.7        0
2.8        1.8        0
2.8        1.9        0
2.8        2        0
2.8        2.1        0
2.8        2.2        0
2.8        2.3        0
2.8        2.4        0
2.8        2.5        0
2.8        2.6        0
2.8        2.7        0
2.8        2.8        0
2.8        2.9        0
2.9        -1        0
2.9        -0.9        0
2.9        -0.8        0
2.9        -0.7        0
2.9        -0.6        0
2.9        -0.5        0
2.9        -0.4        0
2.9        -0.3        0
2.9        -0.2        0
2.9        -0.1        0
2.9        -1.38778e-16        0
2.9        0.1        0
2.9        0.2        0
2.9        0.3        0
2.9        0.4        0
2.9        0.5        0
2.9        0.6        0
2.9        0.7        0
2.9        0.8        0
2.9        0.9        0
2.9        1        0
2.9        1.1        0
2.9        1.2        0
2.9        1.3        0
2.9        1.4        0
2.9        1.5        0
2.9        1.6        0
2.9        1.7        0
2.9        1.8        0
2.9        1.9        0
2.9        2        0
2.9        2.1        0
2.9        2.2        0
2.9        2.3        0
2.9        2.4        0
2.9        2.5        0
2.9        2.6        0
2.9        2.7        0
2.9        2.8        0
2.9        2.9        0
